0 35.4678 797.429 6.58098 897.703 3.52444 
1 29.3631 832.826 7.01267 890.581 3.20857 
2 17.0478 653.365 3.87603 757.008 3.38069 
3 30.9855 764.328 4.73229 833.7 3.26223 
4 17.685 759.318 2.98689 814.85 3.8428 
5 29.3615 801.434 5.40191 808.404 4.70079 
6 25.4048 689.25 6.14925 721.673 2.56638 
7 20.2434 660.307 5.3412 748.659 2.93474 
8 31.3357 753.352 5.55983 867.777 3.72692 
9 31.8741 717.127 6.66315 764.315 3.04879 
10 39.3355 758.242 6.79699 824.944 3.47611 
11 31.8387 835.499 7.9303 890.713 3.93972 
12 27.6969 769.434 4.5359 816.519 3.48814 
13 31.0375 747.591 5.85062 834.987 2.63488 
14 37.8575 806.29 6.83679 890.047 3.79754 
15 34.0854 800.576 5.06248 929.682 4.17806 
16 32.3595 755.332 5.16184 800.34 4.20476 
17 29.9018 738.682 5.19441 730.806 3.36605 
18 34.9257 855.405 5.35583 866.487 3.41765 
19 27.2489 807.567 6.7612 882.112 3.53975 
20 32.5697 815.371 7.45517 873.646 3.21907 
21 30.9196 706.321 7.35959 773.611 3.59706 
22 34.3617 774.172 7.2688 817.25 3.44939 
23 23.1879 730.714 6.05866 780.594 3.322 
24 32.8241 826.305 5.85383 928.433 3.64377 
25 28.6076 837.022 5.51363 875.567 3.50266 
26 34.1515 845.101 6.07144 921.605 4.21168 
27 34.5776 903.118 4.47181 942.712 3.6431 
28 37.4504 805.095 7.83882 829.317 3.60822 
29 30.0603 881.642 6.57776 908.169 3.9245 
30 30.622 790.756 6.52732 772.281 4.20721 
31 22.2226 756.366 4.06182 822.879 3.6598 
32 25.208 732.062 4.09648 820.347 3.31233 
33 30.5713 742.221 5.20066 803.66 3.28374 
34 26.2067 714.165 5.4866 740.466 3.37132 
35 28.4799 750.305 5.99163 893.218 4.07255 
36 31.1309 817.006 5.29364 844.756 4.06655 
37 22.1773 759.252 3.94248 742.939 3.11574 
38 32.3516 804.822 6.04817 845.541 2.78171 
39 32.0269 777.064 5.47956 793.508 2.52901 
40 31.5952 710.734 7.14123 720.156 3.28082 
41 36.2507 842.639 4.88022 857.684 3.75966 
42 28.9509 801.23 5.76957 845.109 2.90847 
43 33.6085 841.849 4.53354 904.027 3.6494 
44 32.8397 823.438 5.55144 867.976 3.9343 
45 22.1534 688.533 4.4599 749.177 2.82344 
46 37.4149 793.475 6.4432 817.858 3.26058 
47 30.917 773.174 4.63878 822.018 3.38478 
48 29.0269 802.778 5.77927 806.91 4.39616 
49 31.5848 877.111 5.73189 872.335 4.12327 
50 29.4986 787.458 5.96501 793.643 4.1322 
51 35.479 796.04 7.91866 905.591 4.20049 
52 32.5866 794.819 5.81807 896.756 3.69857 
53 26.9709 830.912 4.90212 853.782 3.37455 
54 22.6433 779.743 6.35207 820.613 2.96803 
55 34.246 845.33 5.49049 917.306 3.38157 
56 32.6557 784.487 6.00641 847.271 3.81118 
57 28.7777 839.956 6.3516 866.193 4.02017 
58 22.624 857.518 5.38139 891.898 4.1945 
59 38.9129 850.011 6.01451 893.907 3.07902 
60 41.4091 868.038 6.57323 924.561 3.80595 
61 28.265 739.985 6.83631 780.385 3.13505 
62 29.7997 834.547 6.15048 879.146 4.02068 
63 40.2447 864.349 6.4172 879.13 3.87522 
64 35.746 827.299 5.75506 890.758 3.98149 
65 31.0697 689.319 7.83878 707.548 3.27057 
66 32.7635 761.462 5.92744 798.854 3.39098 
67 44.0249 824.654 4.78528 834.942 3.69976 
68 28.9109 860.152 5.78228 915.468 4.1971 
69 27.0146 908.269 4.39445 968.634 3.90539 
70 30.1892 748.601 4.01083 841.933 3.97404 
71 29.5263 824.106 5.90851 842.658 4.06972 
72 30.0592 797.364 2.61137 792.343 3.88857 
73 26.3108 821.186 5.20376 862.977 3.98665 
74 34.385 789.182 5.1638 836.744 4.00852 
75 35.3492 787.533 6.71683 844.352 3.41791 
76 26.2489 770.25 3.94625 847.006 2.94495 
77 34.2021 832.688 5.89618 895.089 4.11 
78 27.4034 696.637 6.74788 764.666 3.07515 
79 26.7029 726.295 4.44969 791.538 3.52434 
80 25.2853 694.156 6.29773 746.853 3.59443 
81 23.7183 691.902 3.49615 727.099 3.2778 
82 30.8045 878.219 3.66743 935.982 4.67719 
83 35.6338 754.088 5.98108 795.161 3.97975 
84 30.8186 704.081 7.22639 774.607 3.25361 
85 27.9542 772.964 5.16295 830.04 3.80677 
86 24.9984 739.362 6.16796 791.207 3.17775 
87 25.1507 752.065 4.52363 766.55 3.40409 
88 27.4597 796.559 6.42438 797.026 3.67832 
89 29.2968 805.138 6.33349 883.133 3.0035 
90 25.9771 750.74 5.25594 795.476 3.92179 
91 29.5724 784.431 7.23532 842.969 4.12951 
92 32.354 712.449 8.78707 774.589 3.17935 
93 22.4606 722.57 5.98336 718.792 3.2198 
94 22.3357 855.105 3.60095 834.001 3.85211 
95 27.7292 696.739 6.50991 751.909 3.44266 
96 31.9056 696.405 6.79124 828.68 3.92333 
97 26.7858 805.54 3.06739 821.528 3.46397 
98 34.2981 877.041 4.74953 921.808 3.15846 
99 24.5777 828.198 2.61458 841.004 3.50726 
100 27.9133 859.833 5.32205 907.373 3.66752 
101 31.0369 815.124 5.01909 840.029 3.53845 
102 26.8176 758.708 5.5393 761.1 2.48712 
103 34.927 802.945 8.79271 870.546 4.24748 
104 26.8101 745.409 4.03859 745.728 3.96123 
105 32.286 726.314 5.46806 798.075 2.7655 
106 24.1013 856.293 3.39268 895.397 3.76907 
107 30.4583 844.53 4.53564 848.398 3.51623 
108 24.2357 676.979 2.67306 752.359 3.87624 
109 33.8758 817.726 6.05505 843.249 3.13351 
110 33.9635 889.3 6.17058 934.827 3.52052 
111 37.4307 866.641 6.65504 857.37 3.4233 
112 28.1535 802.829 7.26074 831.83 3.89577 
113 31.279 805.018 4.85271 811.48 3.82184 
114 20.0355 751.439 5.35287 877.266 3.59744 
115 31.3556 704.046 6.47768 751.684 3.8755 
116 24.5102 756.503 5.4088 790.593 3.6559 
117 24.7017 729.518 5.37455 808.319 3.8629 
118 34.8021 861.128 7.82593 883.542 4.39113 
119 35.8238 831.552 6.97022 934.746 4.28781 
120 24.3194 807.624 4.95019 816.203 3.60146 
121 31.2587 732.508 5.87012 783.483 3.05214 
122 30.5812 776.573 4.84306 779.057 3.7233 
123 36.263 783.356 6.00848 805.837 2.89003 
124 29.4856 868.067 3.56352 849.05 2.95133 
125 32.9097 754.965 7.72065 853.542 4.35027 
126 34.4075 803.914 7.37183 848.643 3.82223 
127 29.95 746.111 6.71867 842.917 3.63002 
128 27.2222 704.207 4.3655 730.531 2.83231 
129 35.9186 823.522 9.69689 900.917 4.09649 
130 38.3958 755.139 8.55528 827.895 3.76202 
131 16.5137 758.321 3.86829 793.143 4.16748 
132 25.1486 754.219 5.77228 821.656 3.53969 
133 34.612 796.387 4.85187 888.419 3.47441 
134 34.5963 735.558 8.31684 829.374 3.80627 
135 30.2515 825.235 7.46968 914.362 3.96336 
136 30.728 732.528 9.32706 800.829 3.77434 
137 27.8477 714.164 6.11206 763.934 3.77502 
138 20.9801 806.931 4.02845 835.28 3.0872 
139 20.9531 815.341 3.33024 830.918 3.53395 
140 35.19 792.083 7.10652 821.57 3.38716 
141 28.88 753.694 6.80655 793.449 3.3928 
142 34.1196 725.404 5.24214 832.932 3.27382 
143 22.2743 636.494 5.12186 691.022 2.43494 
144 19.115 741.842 4.39079 761.741 2.96056 
145 19.9843 726.977 5.41044 784.025 3.24476 
146 37.377 753.372 8.65562 810.829 3.34286 
147 45.5472 793.852 6.95542 830.726 3.01166 
148 26.0143 750.726 4.7979 782.967 3.53349 
149 34.2226 744.208 8.56172 832.202 3.08542 
150 38.2127 914.066 5.55608 958.252 4.28887 
151 31.6659 852.942 5.32311 943.745 4.29414 
152 31.8562 784.65 5.38868 802.7 3.47484 
153 28.7046 853.618 3.36332 873.817 3.43658 
154 33.953 773.519 5.65446 831.553 3.30457 
155 23.3707 825.077 4.26802 860.492 3.80707 
156 42.7969 837.227 8.07188 897.094 3.39522 
157 26.5538 835.268 4.42146 877.779 4.1593 
158 25.6968 784.955 5.47953 762.567 3.71651 
159 22.0462 786.212 4.75184 793.546 3.7817 
160 30.2512 740.625 7.97593 804.273 4.03488 
161 18.8027 677.156 5.77356 747.847 3.53892 
162 29.9449 756.354 9.34334 854.453 4.60307 
163 26.0208 764.235 5.60459 832.796 3.9772 
164 23.1834 690.875 6.57799 741.199 3.3296 
165 31.3124 766.437 6.11017 844.12 3.26004 
166 32.8025 727.96 5.61158 759.494 3.54223 
167 26.0427 788.617 5.91346 833.454 4.13118 
168 22.9761 682.214 4.06542 704.66 3.58358 
169 31.2464 787.039 4.90852 890.214 3.89448 
170 25.5695 755.945 6.84203 878.882 3.86658 
171 28.2677 811.015 7.70623 907.936 3.84334 
172 30.3309 839.949 4.15516 847.218 4.56436 
173 41.9656 750.243 8.71097 790.622 4.40947 
174 21.9785 702.943 4.57473 798.313 2.89643 
175 34.443 897.837 4.836 880.411 3.64619 
176 23.8022 756.092 3.58915 824.059 3.70248 
177 27.8106 723.449 8.20176 842.481 3.07248 
178 36.9017 828.492 7.78596 895.322 3.34852 
179 22.3212 762.578 4.14609 843.547 3.60331 
180 38.6213 767.86 8.53532 833.546 3.35302 
181 31.7036 689.184 8.53552 803.301 3.13519 
182 32.252 799.663 6.48011 868.787 3.80082 
183 28.3696 771.584 4.43169 821.488 4.32349 
184 20.0444 853.392 4.49046 897.796 2.97146 
185 18.8403 691.539 7.04366 749.235 2.92033 
186 32.9947 851.947 5.28382 942.89 4.39779 
187 27.3457 859.27 5.2426 895.195 3.81487 
188 25.8948 739.75 4.69348 740.223 3.52822 
189 34.7442 934.893 5.74498 1024.53 3.87676 
190 32.427 807.126 5.82812 813.042 3.26774 
191 28.0948 877.912 5.50671 895.346 4.18847 
192 29.438 759.34 6.37614 807.539 3.25204 
193 20.3109 743.61 6.43357 810.273 3.70694 
194 21.0414 795.068 7.22567 784.594 3.5238 
195 33.751 811.943 6.6443 867.704 3.7228 
196 34.3724 805.303 6.12279 874.582 2.73718 
197 31.3473 807.529 6.79063 864.054 3.86469 
198 33.6972 853.871 4.52737 868.578 3.32439 
199 29.0012 835.149 5.52376 906.968 4.28601 
200 31.6222 817.008 5.1372 900.588 3.8277 
201 23.7713 679.539 7.03295 776.827 3.85707 
202 31.7477 887.97 4.24152 939.84 3.89804 
203 34.2899 882.423 5.91133 935.413 4.37969 
204 27.2031 752.625 4.59391 783.686 3.57463 
205 34.1937 802.089 4.65797 837.431 3.71554 
206 27.5521 738.005 7.86211 764.68 3.60105 
207 24.1257 705.577 3.9228 751.202 3.5597 
208 38.9864 727.49 8.67257 818.739 3.99451 
209 31.111 860.069 6.57711 944.457 3.48173 
210 28.7708 756.622 5.83015 852.991 2.78531 
211 38.1479 899.102 6.05735 902.433 3.92649 
212 30.2608 821.441 3.82459 866.027 3.93858 
213 21.7979 701.082 4.57378 783.321 3.43245 
214 36.0613 764.444 3.023 819.76 3.25798 
215 33.1413 783.44 7.92533 826.502 3.24009 
216 19.0784 733.774 5.98752 819.988 3.26439 
217 29.4871 748.386 6.88387 832.23 3.53914 
218 26.2757 788.19 5.52086 848.091 3.11251 
219 25.4423 747.288 7.81465 821.246 2.89209 
220 27.6806 811.751 4.66638 895.814 3.6532 
221 30.6777 726.929 7.28239 748.378 3.61252 
222 43.7709 888.822 5.92622 925.303 3.30202 
223 25.3079 786.292 4.7866 851.522 4.05825 
224 33.074 838.751 6.41345 915.738 3.70442 
225 18.869 704.362 4.89713 719.35 3.19607 
226 34.7314 857.973 5.42222 885.563 4.84238 
227 25.4987 714.518 4.97471 778.569 3.71762 
228 25.4633 679.364 9.87594 689.873 3.43974 
229 38.2222 739.019 7.08305 798.572 3.04688 
230 26.8843 675.468 6.55597 741.366 3.9535 
231 33.746 795.315 7.56457 896.712 2.65555 
232 23.2977 720.071 3.70558 787.521 3.78919 
233 25.9995 721.931 4.23429 762.931 3.54272 
234 26.1196 792.476 5.39105 816.592 4.02384 
235 31.6307 794.259 5.49796 846.568 3.91468 
236 26.3335 747.888 5.58996 831.373 3.85612 
237 31.1018 840.071 4.95443 870.633 4.34306 
238 24.8151 787.623 4.36882 816.568 4.4158 
239 35.5473 870.659 5.91693 935.623 3.9805 
240 28.8315 926.111 3.81908 909.702 4.17265 
241 25.0555 723.417 5.66517 798.751 3.16264 
242 27.3844 804.774 6.11784 843.818 3.31915 
243 32.0101 764.486 5.98916 815.578 3.67968 
244 30.6507 712.961 8.17946 763.117 3.42626 
245 36.0089 832.024 7.65715 885.938 4.27352 
246 41.366 885.72 7.73598 959.87 4.03319 
247 31.0581 801.215 4.49478 826.212 3.15116 
248 31.2153 872.671 5.16011 852.055 3.47655 
249 28.8419 860.175 6.39528 861.133 4.43624 
250 25.5378 810.375 5.98148 862.39 3.64358 
251 30.6257 676.548 8.06515 739.175 2.79844 
252 39.5145 839.948 5.22427 837.711 3.57182 
253 25.5975 703.215 5.13126 803.783 3.04087 
254 29.3448 874.6 7.22746 890.875 3.71077 
255 35.5822 838.719 6.25066 864.687 4.17713 
256 27.0058 819.028 3.58967 867.844 3.31877 
257 37.7066 783.304 5.36601 858.382 3.9368 
258 29.0907 849.057 5.9424 854.553 3.46152 
259 21.0289 841.315 3.66145 875.303 3.60765 
260 22.1679 726.767 6.25359 797.234 3.27653 
261 33.5971 860.183 3.25346 899.905 3.93594 
262 29.5377 767.581 6.62248 847.231 3.01758 
263 16.6505 771.159 4.13315 840.767 2.93106 
264 15.4052 718.495 5.06785 768.628 3.1767 
265 32.0952 728.787 5.36329 766.085 3.03699 
266 34.7642 801.193 4.72457 846.415 3.50811 
267 29.365 773.392 4.91201 789.708 3.57075 
268 26.5955 799.753 4.60406 851.109 4.44277 
269 33.2622 697.061 8.65561 790.204 3.64779 
270 34.9021 876.298 8.61312 957.255 3.93116 
271 27.7629 748.962 6.92859 823.118 3.46649 
272 23.993 787.694 3.41055 805.348 3.32648 
273 32.9225 846.03 5.87276 888.671 3.95761 
274 31.9677 711.606 4.90656 775.21 3.49502 
275 26.044 852.285 5.12346 873.189 3.835 
276 32.1915 883.864 3.4193 916.242 4.46857 
277 38.6706 865.662 6.08834 922.881 4.33205 
278 26.9035 818.366 3.99739 831.245 3.00663 
279 32.8733 864.562 4.69315 917.812 4.06625 
280 21.6437 698.137 3.58091 724.19 3.68403 
281 30.6245 734.24 5.94534 788.832 3.32275 
282 28.9247 959.35 3.89409 927.322 4.10447 
283 26.8741 697.203 5.95637 746.747 2.79825 
284 30.8468 730.451 6.58403 793.079 3.57443 
285 30.2067 755.957 6.37339 854.721 3.53995 
286 28.5297 651.91 5.99127 691.417 3.35239 
287 24.8701 871.771 2.15766 897.1 4.15757 
288 28.5538 724.967 6.70708 708.251 3.04563 
289 27.3023 675.703 8.25516 726.535 3.1174 
290 30.2706 827.183 3.84417 897.469 3.63697 
291 26.8714 719.787 4.84614 801.118 3.47476 
292 31.2258 765.893 5.80617 784.644 2.91994 
293 29.0887 850.37 2.85773 934.173 3.5522 
294 37.1648 830.824 6.2884 888.043 3.13515 
295 38.167 799.121 7.77231 849.79 4.06789 
296 32.9744 699.057 3.79617 759.032 3.67981 
297 33.7111 790.165 5.4654 794.644 3.96448 
298 35.0881 914.952 6.86877 895.755 4.43105 
299 31.8333 835.054 4.16115 861.899 4.02217 
300 22.2734 748.72 5.21708 829.859 3.39009 
301 30.6675 763.068 5.94147 805.965 3.42126 
302 28.8833 699.681 5.50843 755.001 3.46598 
303 27.947 765.17 8.41357 833.448 3.65807 
304 34.1875 791.131 7.28469 882.201 3.50187 
305 32.5991 715.009 8.17559 783.36 3.0016 
306 25.1446 704.138 7.37663 795.09 3.07261 
307 30.5928 669.962 5.55313 738.454 2.94999 
308 30.8566 801.582 6.23058 878.396 3.19409 
309 35.7276 801.073 7.95618 857.886 3.62212 
310 43.7313 813.395 7.68026 842.119 3.90543 
311 30.8278 860.076 5.04742 910.026 3.55701 
312 32.3296 867.409 5.76669 950.189 3.75915 
313 33.2446 851.898 4.39048 855.756 4.22073 
314 26.8472 710.775 6.73543 790.349 3.53202 
315 24.2582 827.365 2.5759 880.451 4.20422 
316 30.1747 783.859 4.35818 878.393 3.85929 
317 22.5161 732.995 3.94471 795.386 3.14003 
318 20.9555 785.751 2.86683 809.261 3.82276 
319 28.3268 669.335 7.66546 737.4 3.94563 
320 31.7709 814.549 3.78485 832.103 4.56741 
321 34.9295 851.429 5.12849 863.9 4.01873 
322 34.9654 754.136 6.07339 788.913 4.04163 
323 33.1091 848.218 7.4433 890.291 2.9559 
324 37.3532 873.089 4.75811 915.376 4.87727 
325 22.9405 601.433 3.55245 672.454 2.74024 
326 32.104 747.308 4.24397 799.007 3.14828 
327 32.7043 778.238 7.30362 819.086 3.59951 
328 36.0952 729.315 6.14691 796.914 3.52627 
329 29.7384 674.543 6.81472 757.954 3.92419 
330 30.0965 724.805 7.8279 823.75 3.27564 
331 29.2345 790.371 3.87777 812.189 3.09112 
332 28.3426 682.638 6.90296 748.335 3.20961 
333 21.9544 641.765 5.72548 731.324 3.77427 
334 30.055 764.912 7.28339 822.204 3.82065 
335 27.2473 738.131 5.47274 756.995 2.33468 
336 28.1905 778.729 5.17665 816.268 3.10174 
337 32.1877 895.977 5.81054 923.266 4.35487 
338 31.0429 886.884 5.05575 863.094 3.48874 
339 26.9749 752.849 6.09187 875.808 3.43227 
340 29.5212 759.935 6.20371 804.209 2.85831 
341 25.7158 810.691 6.52283 835.202 3.98025 
342 31.995 821.897 5.42849 836.788 4.03852 
343 22.9582 762.793 5.12474 766.902 3.98114 
344 35.2763 877.891 5.61949 944.092 4.12149 
345 28.7753 761.744 7.18593 845.157 4.54659 
346 34.9211 833.49 5.81122 839.617 3.86809 
347 26.7445 818.658 4.93465 861.601 3.93008 
348 31.3158 859.781 6.74626 917.53 4.33596 
349 33.0605 829.513 5.49441 886.267 4.05511 
350 29.5184 737.316 6.89337 792.894 4.00715 
351 28.1552 836.543 3.44863 905.626 4.26936 
352 29.1479 793.387 5.53454 886.055 4.29926 
353 33.6666 762.896 5.54449 806.25 3.21867 
354 28.3446 840.386 7.78534 885.163 4.8764 
355 29.901 749.533 7.18174 841.632 3.28485 
356 30.3866 805.791 7.20601 864.006 3.57027 
357 25.2227 843.703 5.08248 879.896 4.21903 
358 30.9489 752.94 5.71739 811.66 3.35358 
359 25.1246 691.887 4.30573 764.504 3.28685 
360 18.6128 700.134 4.26637 742.93 4.20747 
361 30.7391 769.999 5.37547 811.094 4.53326 
362 35.8863 747.221 5.70227 833.852 2.598 
363 27.6813 831.707 7.2896 846.446 3.81417 
364 31.0072 820.16 7.97352 857.65 3.60265 
365 26.0697 776.409 7.2826 834.891 3.61621 
366 26.0633 716.27 8.19243 729.998 3.09548 
367 28.8843 750.008 9.89972 805.784 3.59606 
368 24.7737 805.188 5.88385 852.88 3.08703 
369 29.5245 883.477 4.00758 866.126 3.71672 
370 32.1793 725.32 7.02819 822.253 4.27083 
371 31.4219 729.523 6.17992 753.47 3.66694 
372 37.4294 810.068 5.6835 878.969 3.33397 
373 27.6284 756.396 4.75829 832.043 3.42231 
374 18.4047 725.559 3.86266 711.459 3.44265 
375 30.415 877.925 4.38055 896.334 3.79139 
376 35.0193 873.955 5.911 958.89 4.24436 
377 28.0797 910.008 3.89386 942.258 3.76507 
378 33.6526 729.896 6.54401 805.258 4.67252 
379 30.6084 728.392 7.59254 838.692 3.4729 
380 26.6848 858.311 7.06061 923.464 3.34445 
381 19.2987 838.247 5.51418 787.153 4.22703 
382 27.0722 820.456 4.78635 908.885 3.49854 
383 34.8726 858.549 7.23171 940.336 4.05775 
384 30.1033 739.023 9.10867 862.939 3.41838 
385 40.6444 894.555 7.62084 955.462 4.74919 
386 32.1134 763.692 7.58527 848.077 3.65276 
387 23.9748 709.081 5.58643 767.305 3.1014 
388 34.1482 816.028 5.73806 852.537 3.84103 
389 24.1873 748.471 3.57428 804.84 3.09621 
390 24.5283 745.336 5.62374 794.126 3.49801 
391 36.3502 886.631 8.24151 919.16 3.3987 
392 32.1099 775.004 5.99339 826.25 3.79514 
393 32.9493 808.026 4.57529 886.686 3.79874 
394 32.7161 797.33 6.05602 829.418 2.72395 
395 23.8684 870.46 2.19124 936.649 3.49624 
396 31.2274 788.558 7.71492 861.84 3.42022 
397 35.3913 901.752 5.23972 913.281 3.80683 
398 38.3324 795.524 7.22814 852.812 4.11054 
399 30.852 717.131 6.7802 767.937 4.0218 
400 22.7869 746.858 5.77723 760.662 4.01465 
401 28.481 690.997 4.6268 774.324 3.33195 
402 31.053 774.132 7.45772 824.331 3.36413 
403 28.2153 753.089 5.69974 791.741 3.53261 
404 21.5812 712.646 5.5687 757.477 3.50161 
405 17.6963 663.493 4.63359 742.773 2.97891 
406 27.6349 701.092 7.60825 776.997 3.10592 
407 23.3782 763.659 4.62744 839.885 3.67464 
408 33.351 792.75 5.45064 887.614 3.92221 
409 37.2427 805.61 5.26797 898.358 4.49282 
410 36.3408 754.526 6.94313 798.243 4.08908 
411 32.923 756.378 5.8409 838.371 4.001 
412 32.6663 837.785 6.32087 895.569 3.88024 
413 25.7729 808.644 6.07707 848.343 4.53061 
414 33.0017 721.75 6.98749 744.33 3.30175 
415 34.3619 919.352 5.13091 955.599 4.19602 
416 25.7316 744.062 5.42415 795.941 3.67862 
417 32.3534 726.665 7.00921 816.38 2.56706 
418 29.1096 735.11 8.94444 804.204 3.69401 
419 32.653 680.413 7.19795 740.27 3.2718 
420 22.4624 719.838 7.73824 806.544 2.41167 
421 36.194 795.037 5.60858 844.322 3.3533 
422 34.9974 850.955 8.74189 884.406 3.87793 
423 27.2086 728.546 5.50606 806.126 3.38937 
424 27.3937 816.194 5.02873 872.229 4.10245 
425 36.5813 740.725 7.14772 748.416 3.75882 
426 24.3393 687.034 5.2056 747.717 2.77135 
427 28.5987 839.799 6.73392 911.51 3.1338 
428 19.2527 762.891 5.75012 774.837 2.64383 
429 41.1901 837.236 6.41184 924.908 3.8011 
430 31.956 735.897 7.77282 783.181 3.2635 
431 24.3669 754.818 4.85166 808.374 3.17358 
432 30.59 821.235 5.62197 889.437 3.68512 
433 36.7924 865.959 8.01428 885.032 3.39283 
434 38.7618 758.377 6.26244 837.576 3.54378 
435 25.628 725.176 6.92402 749.64 3.51999 
436 25.1547 764.582 7.04774 851.286 3.32464 
437 31.9887 703.785 6.56859 741.892 3.26794 
438 25.5622 756.288 5.69523 822.975 3.94336 
439 25.2841 817.314 4.50342 840.626 4.33399 
440 24.458 705.344 6.50064 789.001 3.43757 
441 21.722 774.321 3.62562 784.541 3.46125 
442 22.936 680.547 6.35831 700.796 2.85271 
443 37.233 753.827 5.44477 810.301 3.10688 
444 30.7181 856.617 5.08701 899.416 4.45597 
445 33.0941 755.378 7.14019 770.241 4.07383 
446 26.9616 742.316 4.97382 768.241 2.69165 
447 36.8161 807.795 8.51822 868.907 4.00837 
448 32.5135 846.683 7.33662 874.211 3.12277 
449 28.3515 765.117 7.74864 838.024 4.34797 
450 30.4642 862.477 6.20741 890.038 4.53924 
451 27.5661 737.367 4.82638 819.834 2.71427 
452 29.5917 864.844 3.9533 838.558 4.69636 
453 35.0578 928.961 5.06477 985.303 4.96844 
454 24.1545 757.091 5.51571 774.277 3.40419 
455 26.3835 704.33 4.7483 822.883 2.68148 
456 34.1991 850.291 2.88404 894.573 3.98857 
457 25.9522 722.172 7.67271 753.349 4.9021 
458 28.5415 770.448 7.93573 788.548 3.44473 
459 22.4728 752.835 5.40287 857.493 2.98826 
460 30.2288 733.366 5.01669 785.488 3.33157 
461 21.6743 653.545 4.54743 726.633 2.82257 
462 38.4093 620.316 6.65933 718.365 3.1329 
463 26.5589 758.345 5.00452 769.749 3.53528 
464 40.4454 715.893 5.32584 811.635 3.96809 
465 32.2391 801.807 6.45086 893.394 3.92282 
466 31.4187 855.657 6.48677 952.569 3.96238 
467 29.6971 744.975 6.73648 768.045 3.34653 
468 24.7218 785.919 4.49567 770.584 4.02415 
469 29.8199 790.425 8.28853 900.086 3.4368 
470 33.1513 783.51 2.43693 850.268 3.39467 
471 35.2315 878.981 6.66586 955.179 4.06543 
472 28.3038 832.94 6.34215 822.885 3.43888 
473 34.9871 787.808 6.78072 842.667 4.17717 
474 28.9139 834.885 4.95494 852.104 4.15553 
475 18.8693 726.665 4.41771 759.053 3.40268 
476 32.5671 802.818 7.49041 853.764 3.67888 
477 27.6244 743.883 5.95127 783.69 3.64254 
478 32.2831 887.438 3.83426 922.304 4.10668 
479 26.8705 819.679 6.70615 803.2 3.5075 
480 27.1352 800.723 2.97758 852.55 3.48462 
481 31.1235 798.446 7.99597 826.273 3.82302 
482 27.7122 805.619 6.60126 867.02 2.94868 
483 29.0446 713.453 7.21875 830.362 3.26906 
484 27.813 819.604 5.23672 856.368 3.44468 
485 30.4251 800.693 3.70072 872.432 4.26357 
486 33.2605 784.425 5.66984 827.444 4.05604 
487 22.6309 704.9 4.78179 803.126 3.03061 
488 19.8684 733.664 5.16591 766.947 3.75826 
489 33.5988 824.278 7.48599 836.849 3.89096 
490 34.5792 837.062 6.32585 927.349 4.12113 
491 31.6943 765.96 5.68224 802.964 3.91418 
492 24.2377 704.097 2.28407 785.937 3.01673 
493 26.5834 711.951 5.94369 766.389 3.80401 
494 28.805 760.897 6.0749 843.528 3.60088 
495 30.2511 765.287 5.9629 757.779 3.75962 
496 28.146 773.764 5.51343 786.043 3.77169 
497 25.2136 830.679 8.35535 820.456 3.39217 
498 30.524 828.782 4.43827 892.952 4.30009 
499 33.2594 809.956 8.44916 866.799 4.534 
500 24.7399 744.357 6.05089 823.884 3.57649 
501 24.0247 702.92 7.27977 743.268 3.07921 
502 30.012 857.022 4.35205 936.323 4.40002 
503 33.5676 792.413 7.56033 860.126 3.71458 
504 30.8377 763.941 6.76073 879.95 3.63473 
505 36.7276 774.371 9.06313 856.151 3.41936 
506 37.1691 728.355 6.97176 805.864 3.39934 
507 29.1485 754.772 4.28103 806.347 4.16761 
508 28.1845 780.755 4.86636 797.492 2.8737 
509 29.1823 888.008 3.50804 887.842 4.36199 
510 33.7541 799.446 8.09647 854.226 3.40713 
511 35.4787 764.8 6.69993 884.079 3.82124 
512 30.3202 809.512 7.30447 851.893 4.24554 
513 43.7527 932.061 5.8811 954.364 3.85971 
514 35.3156 840.797 4.26825 884.156 3.7388 
515 31.0476 801.017 5.28106 812.712 3.27066 
516 37.48 736.56 8.06668 794.119 2.96631 
517 24.6638 696.251 5.97877 739.058 3.42438 
518 29.4379 741.282 6.37021 820.906 3.15917 
519 40.1212 841.172 6.13256 897.734 4.11445 
520 22.8201 785.16 7.30753 837.87 3.65187 
521 26.7682 861.696 4.97861 879.9 3.97723 
522 37.4312 784.384 6.4636 918.985 3.86706 
523 24.8858 679.937 6.28482 711.903 2.88175 
524 24.5748 785.428 4.7106 842.974 3.88365 
525 31.7045 790.743 8.53926 837.986 3.17611 
526 27.4852 757.104 7.00005 788.281 3.00317 
527 32.7248 790.471 5.62082 860.413 3.82318 
528 27.1403 879.711 6.91938 896.606 3.71061 
529 33.5721 799.628 4.6583 824.954 2.78949 
530 29.7314 759.139 6.24917 827.017 3.4452 
531 29.9735 862.07 6.22942 935.622 3.87358 
532 24.6227 798.952 6.0454 815.022 3.55539 
533 25.3945 874.34 6.43989 828.768 4.64855 
534 32.4269 854.284 7.54847 899.551 3.63161 
535 32.2955 696.543 5.91535 699.753 3.26696 
536 28.5961 749.692 7.00606 835.223 3.40228 
537 26.4434 714.746 6.14718 762.619 3.84827 
538 21.5843 693.403 5.85336 781.647 3.07422 
539 32.0366 834.547 4.11906 941.224 3.49752 
540 27.5286 746.115 6.96983 845.375 4.0119 
541 23.6741 763.415 5.86497 799.806 3.04642 
542 27.8203 824.362 3.59847 877.482 3.97105 
543 31.8198 889.783 7.15963 881.601 4.23786 
544 26.3114 739.103 6.07394 865.234 3.61108 
545 29.1608 719.241 4.52857 769.528 3.33991 
546 38.7602 820.114 4.86743 893.5 3.75566 
547 30.1182 726.179 4.33237 794.55 3.37441 
548 23.9593 807.036 4.79425 792.136 3.82229 
549 30.9019 773.786 5.58241 808.807 3.63546 
550 29.7712 675.864 5.15026 716.803 3.18756 
551 24.7446 666.472 6.69371 704.322 3.13487 
552 32.8453 710.413 7.86313 777.199 2.94501 
553 23.0948 730.301 7.08408 833.353 3.02943 
554 29.4255 781.444 5.26177 792.902 3.48305 
555 23.9129 910.573 3.50888 974.944 3.90034 
556 37.1317 818.775 6.03064 852.012 3.13423 
557 32.6048 751.299 6.09458 795.11 3.90101 
558 25.2241 791.474 5.05966 806.803 3.92438 
559 29.922 729.075 5.29024 798.736 3.55752 
560 34.1099 852.045 7.0528 900.723 4.08033 
561 25.4004 799.75 4.73427 873.04 3.97235 
562 29.8035 723.598 4.7771 751.602 4.30842 
563 36.9678 932.866 5.40274 936.453 4.56281 
564 20.3166 731.058 5.3748 811.178 3.63039 
565 22.6398 722.53 5.17823 764.61 2.92914 
566 36.8263 781.932 5.34403 868.726 3.60264 
567 31.015 847.585 6.49799 851.842 3.5809 
568 29.1901 784.595 4.86478 791.633 4.09546 
569 18.3933 697.239 5.08098 768.326 3.53915 
570 29.3128 836.922 8.21744 908.178 3.84731 
571 35.36 811.754 6.70124 900.513 3.574 
572 29.0105 776.826 7.99236 835.677 4.4427 
573 19.2701 765.1 5.68475 833.122 3.52913 
574 39.5776 830.327 4.53842 895.962 3.24836 
575 37.2515 819.291 5.11991 843.128 3.27371 
576 25.9172 747.845 6.40785 849.367 2.86869 
577 26.7954 789.445 4.52044 822.521 3.43578 
578 32.7946 755.305 5.12213 825.21 3.54336 
579 33.6241 805.124 6.7188 854.436 3.58551 
580 38.3685 809.79 6.42788 859.143 3.35456 
581 29.8455 881.465 8.37711 920.457 4.35283 
582 36.2479 884.139 4.69548 969.787 3.65442 
583 26.7026 857.619 4.10042 880.3 4.33276 
584 25.1833 739.397 4.31903 786.013 3.26906 
585 39.2654 858.041 7.78671 934.823 3.8563 
586 27.1491 760.341 5.36776 806.415 4.54709 
587 38.1606 655.225 9.3279 779.128 2.36666 
588 29.1745 766.984 6.14335 903.444 3.03249 
589 24.7988 816.829 5.25811 841.448 3.29375 
590 39.1062 665.996 6.66587 726.465 3.48148 
591 24.4223 760.291 6.71784 838.999 3.54861 
592 24.3694 751.532 5.00668 785.829 3.25313 
593 25.3575 838.695 5.3901 871.217 3.84204 
594 26.8871 651.046 6.85072 736.646 2.93054 
595 32.6265 712.241 7.626 770.065 3.65541 
596 31.4527 813.696 6.4072 809.311 4.09784 
597 36.5049 890.659 6.91282 866.261 4.66956 
598 33.8558 808.473 7.04096 896.115 3.04236 
599 31.1164 841.523 5.36711 938.063 3.58921 
600 34.1423 758.828 6.37829 821.232 3.89593 
601 27.5086 844.513 4.84056 898.718 3.47601 
602 32.3272 694.105 7.38493 729.401 3.0409 
603 30.9939 741.062 6.35185 774.95 3.71214 
604 28.0905 730.221 7.64396 808.202 3.20372 
605 42.1209 808.539 6.28969 880.143 3.36347 
606 39.4474 869.775 7.5664 941.28 4.187 
607 23.2513 716.83 5.30527 806.439 3.16434 
608 35.9302 849.685 6.64386 834.297 4.14746 
609 25.8068 766.474 4.80476 782.125 3.6594 
610 27.4516 823.366 7.19627 904.549 3.66328 
611 24.698 697.887 4.73327 752.227 3.08128 
612 27.0533 735.183 4.32747 769.215 3.4034 
613 29.5782 769.804 6.36684 803.459 3.76137 
614 33.4471 818.774 5.36785 899.815 3.56046 
615 30.9171 796.752 6.22325 856.279 4.14652 
616 31.0136 930.324 5.46952 996.693 3.68494 
617 34.6985 811.021 6.76635 839.628 3.53747 
618 26.9106 647.048 4.38169 697.484 3.17523 
619 27.9335 618.937 7.30922 709.553 2.77903 
620 28.3556 920.074 4.56935 892.631 3.76146 
621 35.7795 848.497 6.88018 879.704 3.86647 
622 29.3412 757.994 5.43677 848.921 3.38053 
623 38.3144 871.436 6.67886 937.055 3.37585 
624 32.7878 815.971 6.67011 839.349 3.11998 
625 23.1059 762.451 5.32786 814.387 3.92476 
626 31.4611 865.707 8.17278 937.596 4.299 
627 26.4917 779.128 4.42331 853.073 3.16023 
628 25.6356 750.542 4.4489 808.289 3.62949 
629 37.4191 832.168 4.88646 869.112 3.27401 
630 35.7243 883.337 5.23174 909.249 3.24031 
631 25.3086 665.562 7.40887 748.316 3.72935 
632 31.8016 766.27 7.24754 837.634 3.43319 
633 33.5348 685.942 7.59534 754.107 2.88974 
634 31.8167 805.819 5.97182 866.718 4.23958 
635 21.9553 820.36 5.22219 831.822 2.61505 
636 34.9603 833.696 6.13508 869.572 3.08029 
637 36.9319 819.635 7.31919 871.44 4.23777 
638 29.4049 745.715 6.43379 909.292 3.59532 
639 21.0096 776.947 6.22052 818.238 4.31801 
640 26.3025 829.736 3.76453 890.849 3.81421 
641 26.4396 794.322 4.933 863.585 4.40004 
642 25.749 762.482 7.1965 802.26 4.5444 
643 35.4821 786.919 8.6715 823.288 3.2044 
644 28.137 774.565 7.19442 839.716 4.57169 
645 24.5754 728.963 6.29472 742.629 3.49976 
646 36.2035 773.778 9.02455 840.633 4.03314 
647 28.5614 893.327 5.09124 924.712 4.8109 
648 30.3301 763.798 7.69699 776.604 3.37492 
649 21.9407 743.854 2.44385 781.067 3.94645 
650 30.5326 800.426 6.6731 870.021 3.97872 
651 23.7451 735.318 6.28579 842.128 3.7545 
652 19.2475 771.952 4.80731 754.855 3.88743 
653 24.635 863.876 5.71797 903.197 3.73077 
654 26.3452 696.64 9.1241 798.927 3.95467 
655 35.2836 812.533 5.5973 848.596 4.47475 
656 43.9022 990.757 6.85332 985.145 3.91804 
657 26.4774 718.681 7.19796 768.919 3.74821 
658 33.6877 857.239 7.09995 841.967 4.58259 
659 29.0704 791.754 7.38358 822.352 3.66813 
660 30.4517 758.097 5.50249 775.123 3.62455 
661 26.6895 785.482 6.02117 883.743 3.68198 
662 19.4552 716.845 3.19834 777.993 2.55483 
663 26.1997 783.078 4.44672 793.253 3.77635 
664 42.5806 829.319 5.92392 839.839 3.97745 
665 26.6542 776.974 5.5862 820.5 4.13413 
666 30.9536 865.385 5.31146 891.254 4.15082 
667 36.1673 917.413 6.28843 999.426 3.88786 
668 32.9694 830.667 4.99122 887.291 4.25376 
669 33.2273 793.562 5.59125 887.262 3.5981 
670 24.0642 747.646 1.26136 737.094 3.43118 
671 26.7368 786.636 5.87941 771.593 2.70183 
672 28.058 720.258 5.95333 808.974 2.82369 
673 37.5268 893.387 3.82088 975.133 4.28528 
674 25.1798 740.071 6.92766 787.772 3.51604 
675 22.5859 629.86 7.92019 753.453 3.07427 
676 35.9032 883.352 5.45212 939.326 4.23445 
677 41.8613 787.657 5.96505 829.384 3.56042 
678 31.7199 729.295 6.44378 795.095 3.80993 
679 30.7014 764.678 4.89263 769.706 3.01479 
680 31.6087 778.408 5.7896 834.432 3.11309 
681 30.4264 716.443 5.69778 735.96 3.48682 
682 32.1684 732.274 6.80072 759.729 3.10214 
683 34.4084 726.948 5.89131 765.41 4.28029 
684 19.2492 698.464 4.42875 756.53 3.34397 
685 38.9501 850.386 6.11033 918.896 4.13118 
686 25.9384 693.186 5.14671 711.674 3.84987 
687 31.4938 791.796 6.28148 841.217 3.50496 
688 31.788 768.333 4.51231 848.195 3.84501 
689 28.2678 789.591 4.86334 858.75 3.81688 
690 31.579 728.823 5.17117 784.569 2.776 
691 36.709 799.901 6.58665 822.273 3.379 
692 24.3512 840.45 5.13695 843.105 3.75493 
693 30.3063 655.954 7.04492 731.943 2.80818 
694 25.2455 717.21 4.3367 805.476 3.41914 
695 42.4037 829.516 5.73686 900.779 3.9107 
696 29.7578 739.622 5.34716 762.458 3.53317 
697 29.4554 823.372 6.08694 899.462 3.97099 
698 33.5054 805.976 4.86695 850.063 3.97904 
699 36.0867 796.074 7.50026 887.308 3.91151 
700 28.2407 870.136 6.00752 862.845 4.05229 
701 23.2113 742.805 5.77599 789.247 3.61754 
702 27.3896 708.425 7.57635 856.227 3.37054 
703 35.1707 784.642 5.54026 813.377 3.22509 
704 28.1743 861.846 4.25379 935.659 4.09607 
705 41.4955 779.505 8.21976 856.703 2.80827 
706 22.1484 704.295 6.17538 766.066 2.3707 
707 26.7113 856.515 6.94794 885.252 4.25435 
708 30.7705 830.229 6.683 845.722 3.44793 
709 20.2522 655.267 4.44244 752.19 3.13193 
710 20.5993 689.627 4.55804 710.375 3.68794 
711 23.351 842.496 4.26006 883.764 3.68957 
712 18.6949 710.725 5.06106 833.791 3.72974 
713 27.735 720.247 5.19817 785.937 3.88692 
714 34.7767 817.559 4.78164 905.262 4.4271 
715 34.0522 882.704 7.33775 969.296 3.42851 
716 29.3062 771.917 6.15561 759.389 3.88968 
717 37.0912 832.654 7.58565 902.241 3.77875 
718 27.9103 772.789 5.83722 811.552 3.2647 
719 30.5073 767.919 7.58007 798.496 3.20341 
720 30.235 875.433 5.8897 922.757 3.31917 
721 31.9254 805.666 7.07386 818.158 4.36234 
722 29.555 763.298 5.42573 802.573 3.97012 
723 27.2505 652.503 6.59583 718.094 3.32366 
724 27.2698 914.922 3.23399 943.955 3.66609 
725 23.5099 708.605 5.25766 754.988 2.77982 
726 27.9916 649.895 4.56525 715.3 2.89548 
727 27.6717 725.358 5.8509 780.857 3.79891 
728 32.6456 749.643 8.23959 855.845 4.1613 
729 30.4829 803.839 7.82959 871.685 3.31171 
730 35.5389 907.662 7.26902 964.596 3.76899 
731 24.7056 752.963 5.28763 882.526 3.18905 
732 27.3668 880.84 6.94657 913.18 4.12555 
733 21.684 699.858 5.85139 714.693 2.67924 
734 23.0562 774.382 6.07573 797.091 3.95398 
735 25.6484 817.35 5.27698 872.289 3.70166 
736 30.3752 799.891 8.37437 863.848 3.93958 
737 24.8488 679.132 8.74201 736.472 3.25929 
738 34.872 851.198 5.0253 887.665 3.09223 
739 35.5037 737.733 6.7393 843.93 4.23533 
740 40.8359 895.042 4.6681 966.551 4.49603 
741 27.6034 762.923 6.03283 843.933 3.54892 
742 29.5424 911.635 6.99035 973.92 4.26504 
743 36.8856 726.148 6.8185 771.356 3.09239 
744 37.2043 800.719 6.87846 835.203 3.81628 
745 27.5559 744.074 5.74205 811.7 3.88176 
746 34.7923 823.1 6.17298 860.139 3.6293 
747 27.6028 712.795 8.20623 795.969 3.89642 
748 25.4217 803.694 3.35154 814.258 3.30072 
749 38.0564 872.041 7.56351 985.384 3.85821 
750 25.9397 821.603 2.79108 820.095 3.65637 
751 33.6727 851.799 7.18293 883.613 3.70695 
752 29.2058 817.496 6.93875 825.168 3.76432 
753 34.1003 697.931 7.62224 777.638 3.16601 
754 29.8657 753.702 6.6313 821.464 3.50776 
755 35.0242 846.931 4.53376 920.02 4.37268 
756 29.6384 901.059 4.27861 938.031 4.23114 
757 30.9791 817.828 3.97833 841.054 3.99791 
758 27.0716 760.272 5.79319 815.779 3.13727 
759 35.2012 750.459 5.81212 823.503 3.6155 
760 28.6879 742.176 3.8333 786.772 3.23306 
761 30.7018 858.082 4.77699 926.175 4.14246 
762 21.4972 755.441 5.92106 837.188 3.7656 
763 30.9484 795.226 5.37857 834.175 3.31083 
764 28.7164 774.145 7.55393 835.969 4.1307 
765 34.9741 874.404 5.95819 996.848 4.0012 
766 32.4781 779.864 5.71894 813.532 3.69256 
767 25.8316 767.618 4.81026 823.412 3.32257 
768 29.8613 813.961 5.15728 866.67 3.80579 
769 30.615 826.488 3.58205 903.651 3.94514 
770 43.4489 788.216 9.26436 896.462 3.38983 
771 23.9039 805.922 2.15985 866.539 4.17687 
772 40.3334 773.039 7.72204 794.068 3.0175 
773 28.0883 888.699 5.98073 949.865 3.99141 
774 30.0862 754.157 5.67929 804.549 3.89346 
775 23.7598 803.335 5.17672 895.121 4.4852 
776 25.405 656.336 4.71899 690.337 2.62073 
777 31.7941 821.511 6.65744 835.726 4.0465 
778 31.5573 774.369 7.81224 841.287 3.31482 
779 30.239 878.649 6.17173 943.731 3.96582 
780 30.2558 896.441 4.086 960.063 4.60848 
781 31.52 656.191 6.6072 706.449 3.68991 
782 17.7265 703.661 5.0232 794.685 3.46682 
783 30.3989 845.761 5.19663 875.134 3.15617 
784 28.9067 881.551 2.71197 903.893 4.29597 
785 35.2911 854.708 4.74901 860.615 3.42918 
786 28.9227 873.248 6.00868 924.636 4.41658 
787 29.4322 746.734 5.99927 810.262 3.91992 
788 33.5551 820.328 7.17786 890.682 3.67896 
789 24.1567 711.518 4.26873 747.091 3.05508 
790 29.5216 841.951 5.26491 880.908 4.19246 
791 35.4177 867.27 7.55627 926.229 3.40327 
792 36.5612 785.711 7.56617 833.815 4.72293 
793 26.9759 714.463 5.62947 781.187 2.50314 
794 28.4727 842.012 3.04047 842.92 3.54797 
795 28.3872 816.986 5.28814 849.375 3.62724 
796 26.0521 722.306 5.41405 813.472 3.93376 
797 20.0779 770.668 5.50901 784.741 2.82902 
798 36.2778 849.664 6.46624 892.605 3.68647 
799 30.2115 661.906 8.16114 740.573 2.66078 
800 28.7991 795.412 6.87777 856.328 3.31055 
801 32.6833 811.926 6.48715 881.128 4.21103 
802 32.2847 765.108 5.71897 812.656 3.58021 
803 30.5423 804.83 6.50262 849.691 3.61858 
804 24.4339 705.954 5.71531 814.074 3.61377 
805 31.8364 829.27 8.83143 803.568 2.78733 
806 35.4722 884.393 5.06661 909.447 3.15068 
807 27.5266 802.582 5.28033 857.664 3.68795 
808 38.441 910.727 7.97876 990.114 3.56911 
809 36.1166 701.109 8.08283 748.267 3.7805 
810 25.9404 677.712 6.06196 722.57 2.9234 
811 35.1323 852.739 6.53072 899.822 4.05659 
812 24.6829 750.415 4.72664 854.52 3.38553 
813 28.0912 778.252 5.4882 847.095 3.59831 
814 28.858 774.488 3.95774 808.852 3.81377 
815 21.4703 806.906 4.41547 818.033 4.02252 
816 25.6544 762.537 5.88376 768.183 3.36353 
817 26.6828 746.225 4.40259 823.568 4.01118 
818 31.6814 746.738 3.48853 806.246 3.27899 
819 38.4435 874.696 8.47983 963.539 4.07741 
820 29.4349 772.829 6.35151 809.013 3.14931 
821 33.5266 822.21 6.49737 943.171 3.23573 
822 30.5859 903.934 4.55037 929.112 4.06594 
823 24.312 727.603 1.81294 743.557 3.55542 
824 30.917 839.326 4.04429 871.523 4.02217 
825 32.7537 825.087 5.21414 876.046 3.3705 
826 21.858 861.046 3.15909 925.971 3.88239 
827 27.9446 802.657 3.33343 868.568 3.40622 
828 35.4369 802.78 6.15658 901.903 3.46476 
829 32.8209 868.915 4.34948 879.798 4.52519 
830 28.0493 703.843 2.88941 732.248 3.65305 
831 28.8903 748.255 4.85091 821.02 3.81824 
832 34.2141 828.322 5.62501 874.757 3.77708 
833 29.9281 684.279 5.31185 737.803 2.92937 
834 33.761 882.84 6.13866 950.867 4.13651 
835 29.0328 784.471 6.67719 794.847 3.75347 
836 39.659 828.491 7.10268 871.815 4.20464 
837 26.3142 816.72 3.82259 789.104 3.66153 
838 38.9557 850.989 6.72927 942.603 4.10675 
839 27.6361 688.991 6.18164 718.386 3.03067 
840 25.2883 803.348 5.39925 833.924 3.98236 
841 33.8508 765.745 5.61648 819.718 3.19478 
842 18.0053 741.892 6.07203 787.987 3.46991 
843 29.8276 880.244 5.39467 826.676 3.97204 
844 31.1263 771.456 6.47804 808.845 4.68554 
845 36.572 801.687 7.21237 870.551 3.88266 
846 29.4294 850.831 3.53915 845.84 4.37879 
847 29.4729 710.154 7.33388 762.796 2.58925 
848 27.6226 630.827 5.35928 748.263 2.30841 
849 41.8779 788.716 6.39868 868.382 4.38358 
850 20.7254 789.707 3.35556 857.512 3.18767 
851 26.116 745.292 6.63739 815.709 4.00597 
852 27.577 788.872 6.42659 877.317 3.66112 
853 25.5921 692.146 7.23509 710.132 3.39591 
854 34.1925 741.227 4.6549 790.254 3.29096 
855 26.2732 807.456 4.71341 883.784 3.90637 
856 23 748.249 4.46311 806.809 3.13987 
857 30.8423 736.637 4.35309 803.601 2.6781 
858 27.4313 741.166 6.13921 790.397 4.36182 
859 26.3467 705.457 4.91062 773.797 3.51189 
860 27.6541 712.416 7.03714 786.136 4.05121 
861 29.6398 815.675 4.98348 916.199 3.28717 
862 27.918 751.466 5.92568 802.369 2.81809 
863 22.8483 737.995 4.82851 790.02 3.07158 
864 34.3108 823.936 4.35544 866.183 4.17023 
865 24.5737 819.583 4.31435 757.354 3.89581 
866 26.399 726.371 5.29259 763.613 3.65932 
867 20.3629 760.594 5.65912 846.153 3.02635 
868 38.9097 804.43 7.29423 864.839 3.90086 
869 27.2121 773.649 5.48181 913.855 4.26577 
870 28.2536 766.34 3.62399 833.831 3.07267 
871 29.9725 729.244 5.41161 786.077 3.22156 
872 40.5528 797.758 9.932 906.101 3.27479 
873 22.7679 699.988 4.3054 738.181 3.19536 
874 36.2301 874.71 5.29872 930.528 4.1487 
875 22.5412 755.78 5.1543 831.376 3.5488 
876 34.0622 788.123 6.7821 800.474 3.34476 
877 33.1916 871.317 5.90583 945.138 3.69099 
878 20.332 636.541 5.97712 715.185 2.55002 
879 34.272 821.95 6.44493 899.763 4.33882 
880 23.2133 676.44 7.17613 753.792 3.50951 
881 33.1907 900.056 5.72947 1021.64 3.83044 
882 33.2154 847.768 7.70567 881.692 3.88432 
883 31.2836 682.569 4.59176 737.685 2.51954 
884 29.3214 837.703 3.32528 918.192 4.38728 
885 29.3912 791.902 4.85941 826.681 3.99395 
886 27.866 842.301 6.02453 862.408 4.00842 
887 22.3548 712.964 5.61414 736.754 3.13143 
888 31.631 795.417 4.70675 805.19 3.53363 
889 23.5006 813.519 5.0077 859.202 3.74179 
890 32.4012 761.818 6.28774 848.037 3.67899 
891 25.7645 727.371 6.92841 799.812 3.10105 
892 25.0875 737.424 4.693 728.295 3.26042 
893 28.5033 776.437 7.84164 854.187 4.05907 
894 19.8712 751.583 3.05295 771.583 3.00016 
895 33.838 842.229 10.4407 912.816 4.07425 
896 26.328 757.657 6.27973 792.865 2.90675 
897 31.0907 735.225 4.70925 799.643 3.25215 
898 27.1673 794.975 7.01031 782.457 3.75943 
899 26.2839 669.966 6.13934 706.374 3.60779 
900 34.3464 824.017 4.88213 849.645 3.96451 
901 29.9182 733.281 6.02929 794.73 3.27912 
902 32.4495 784.395 5.98853 859.732 3.9192 
903 31.6286 787.687 6.98341 823.125 3.52606 
904 37.0565 880.79 7.88995 929.686 4.00464 
905 27.6598 755.901 6.1597 793.602 3.0892 
906 29.2952 737.195 6.08497 826.721 3.50418 
907 24.1431 697.964 6.39804 823.586 2.64119 
908 29.5242 785.017 7.22977 861.434 4.2514 
909 38.9417 775.322 7.96953 861.358 3.06412 
910 30.8698 889.07 3.77384 900.507 3.33556 
911 31.088 794.742 5.30597 842.096 3.51527 
912 41.1484 815.526 6.56698 849.499 4.55958 
913 24.0636 742.361 6.70869 821.162 3.16887 
914 35.5373 842.401 6.73517 885.494 3.50043 
915 30.8961 767.94 3.06125 816.184 3.12417 
916 30.8276 785.78 6.84076 875.382 3.80241 
917 33.8928 798.965 8.48413 845.235 3.46492 
918 32.1247 827.066 6.45223 859.57 4.12047 
919 25.6586 826.121 4.4592 886.519 3.56739 
920 27.5075 840.943 4.39363 812.377 3.86819 
921 32.9671 766.235 7.00367 796.409 3.34643 
922 29.8094 769.942 7.23965 787.356 3.47643 
923 31.0933 756.121 3.40481 754.846 3.58483 
924 32.9941 703.547 8.9067 794.141 2.93849 
925 26.8736 672.37 5.41505 730.841 2.65153 
926 25.5993 759.739 7.81116 862.84 3.79827 
927 24.0033 713.014 4.78791 769.593 3.66781 
928 29.2103 784.058 5.59298 819.299 3.44169 
929 32.3666 801.953 5.29297 806.864 3.90227 
930 32.9644 770.69 8.37629 888.629 3.86235 
931 40.7377 835.973 5.47592 888.939 3.57906 
932 29.7869 706.067 5.45772 788.613 2.46135 
933 29.7408 765.318 6.97597 823.033 3.15443 
934 32.2236 847.22 5.34978 873.432 4.34959 
935 30.1758 809.341 6.61887 835.574 3.55066 
936 40.1247 830.178 6.45778 927.666 3.36264 
937 21.718 735.896 6.34009 771.485 3.37542 
938 31.6374 778.383 3.64802 868.602 3.11502 
939 31.6935 787.292 4.00266 872.113 4.01486 
940 28.666 861.64 6.15929 878.584 3.42922 
941 29.0525 781.944 7.04212 817.508 3.67464 
942 26.3616 783.933 5.14744 793.524 4.54949 
943 34.6908 912.046 5.37739 965.774 3.54629 
944 16.6753 775.53 4.33173 776.949 3.20961 
945 33.2366 785.146 6.05116 826.913 3.45364 
946 31.752 764.94 6.30547 805.688 4.49529 
947 33.3582 860.74 7.66203 910.506 4.40823 
948 37.6345 885.931 8.23672 913.915 3.63105 
949 30.3984 788.83 5.39626 870.426 4.31451 
950 31.2826 775.53 5.30162 847.776 3.79503 
951 25.0199 804.432 3.2932 806.132 3.30543 
952 29.1363 870.406 4.70863 921.334 4.35718 
953 29.8797 821.682 6.64502 941.208 3.09898 
954 35.4212 748.901 6.61052 824.466 3.17314 
955 32.0549 697.585 5.14649 764.429 2.87599 
956 23.0965 784.362 6.42225 790.445 3.45226 
957 35.6476 792.064 6.63773 897.516 3.81781 
958 37.8434 862.402 9.80042 950.579 3.90558 
959 33.9564 849.285 4.43565 853.468 3.40141 
960 23.3808 681.017 4.17028 783.267 2.87163 
961 32.1459 786.198 6.1143 812.797 3.2551 
962 28.2886 710.198 5.74028 795.375 3.07166 
963 26.8914 692.321 9.44616 751.873 3.33028 
964 22.958 814.651 4.75072 787.036 3.44459 
965 24.5407 647.417 2.89386 673.467 2.99947 
966 32.1289 828.544 6.67736 883.16 3.74056 
967 22.9398 832.346 3.99758 885.296 3.48622 
968 43.4012 884.723 7.25929 958.332 3.15272 
969 29.6494 932.027 4.86343 997.587 4.71582 
970 24.3972 676.694 5.66912 723.13 3.705 
971 21.8249 737.994 4.49834 782.11 3.5316 
972 31.838 808.292 7.45714 801.424 4.45404 
973 25.3441 741.197 4.15731 831.232 3.39913 
974 28.7589 855.378 4.63641 889.908 3.75574 
975 24.7739 792.502 6.71433 819.933 2.80312 
976 22.1303 676.579 7.32335 751.082 3.20821 
977 28.7899 733.783 5.78474 794.184 3.42981 
978 28.746 806.452 2.01676 790.881 3.84011 
979 32.4101 773.978 5.44759 826.113 3.03044 
980 33.846 773.519 6.77848 871.957 3.06561 
981 32.4941 862.547 4.57897 871.843 3.91149 
982 27.9555 793.143 6.16085 846.976 3.83254 
983 26.3662 745.914 5.16895 830.95 3.12386 
984 27.3937 792.844 4.59636 844.785 3.95296 
985 33.9272 768.985 6.83659 839.693 3.27038 
986 30.6586 823.028 4.93198 818.135 4.28027 
987 34.88 845.126 5.63184 914.758 3.81341 
988 37.7715 805.777 4.76022 880.696 3.58084 
989 27.776 728.927 8.53504 765.178 3.34589 
990 38.0504 824.218 8.24088 765.442 4.36693 
991 30.8044 759.928 5.1702 818.729 3.89248 
992 40.0068 809.311 7.26336 870.999 4.00055 
993 29.4087 799.746 6.73618 857.97 3.21905 
994 27.552 757.023 6.26648 801.307 3.83233 
995 20.4135 970.451 2.52683 1017.59 4.97247 
996 33.9745 795.935 7.20813 823.921 3.82494 
997 31.6832 680.575 4.33019 646.941 3.71848 
998 32.1841 786.402 5.93138 803.236 4.03601 
999 27.9113 807.857 4.84347 855.922 4.11282 
