0 34.5261 687.555 7.72763 775.425 3.49803 
1 30.7365 717.432 6.8657 824.236 3.69914 
2 25.5963 702.557 9.41611 800.244 3.39013 
3 34.3354 724.011 4.5929 795.885 3.15888 
4 32.3187 729.718 6.40797 791.516 3.4905 
5 44.6923 719.751 9.28788 843.403 2.91914 
6 39.712 703.189 8.0008 821.587 3.01686 
7 30.5652 679.66 5.32081 745.255 3.64493 
8 37.0493 705.046 6.99758 729.735 3.61249 
9 33.2738 728.192 6.36687 825.189 3.57524 
10 27.4495 681.723 8.17699 743.391 3.69975 
11 32.9894 730.983 8.22447 843.052 3.38597 
12 39.2711 695.402 7.30374 788.021 2.7998 
13 22.6459 710.926 5.29437 800.773 3.25328 
14 31.3747 714.809 4.88016 801.771 3.12986 
15 32.3102 759.222 6.40657 867.967 3.89776 
16 26.1371 708.872 4.38106 841.252 3.73358 
17 33.7583 693.455 8.75859 741.814 3.93048 
18 30.204 696.072 7.77411 760.651 2.94635 
19 37.4974 719.548 7.57472 835.791 3.46607 
20 33.4263 712.404 7.3624 797.367 3.11631 
21 34.8915 682.78 8.05724 774.295 3.30282 
22 34.1593 684.655 7.7232 761.724 3.53799 
23 34.9911 682.61 8.38919 733.632 2.99262 
24 33.2765 701.516 6.34694 814.136 3.65528 
25 29.5046 704.637 6.21625 776.223 3.91279 
26 32.816 681.119 6.71344 788.643 3.41628 
27 29.617 684.246 8.04302 784.462 3.19174 
28 44.5133 731.225 8.8098 765.829 3.14216 
29 31.6207 693.146 7.37226 786.082 2.85865 
30 37.0788 718.03 5.93088 776.628 3.51337 
31 30.5585 653.999 6.63032 778.532 3.27899 
32 35.4777 703.867 6.33791 812.821 2.97793 
33 40.226 708.574 8.59029 750.54 3.34808 
34 31.5706 698.083 7.59492 794.591 3.18313 
35 31.4046 691.915 5.52311 837.898 3.4784 
36 32.8878 682.426 4.51327 762.01 3.55331 
37 34.8749 699.55 7.57482 790.04 3.23365 
38 30.3262 662.163 6.93028 779.447 2.9261 
39 36.5661 686.68 10.0167 699.264 3.40409 
40 30.0963 693.082 8.3883 792.775 3.40797 
41 35.2872 746.475 7.53813 809.832 4.20717 
42 34.3565 710.583 6.5206 798.85 3.69673 
43 28.4654 682.365 5.98032 716.228 3.62644 
44 35.0899 720.804 6.79225 833.439 3.4223 
45 38.3865 706.317 10.3653 765.821 3.57606 
46 37.3477 707.709 6.53147 807.453 3.1952 
47 31.4215 653.524 9.00946 734.127 2.94361 
48 41.1666 727.616 8.37223 779.74 4.00957 
49 36.1482 684.629 7.89185 742.782 3.09076 
50 34.23 691.457 6.81866 817.592 3.3522 
51 29.9791 680.194 7.94887 767.566 3.43342 
52 33.5592 697.492 5.86443 752.338 3.70819 
53 17.468 682.303 7.34419 698.573 3.17372 
54 33.1688 679.991 5.73687 718.583 3.10184 
55 31.9321 703.124 7.02313 800.978 3.34529 
56 37.1062 681.079 9.21529 787.063 3.30813 
57 32.2952 705.867 6.69738 778.734 3.22009 
58 29.7233 696.915 6.36072 750.945 4.11792 
59 28.7024 674.916 7.36944 728.268 3.26281 
60 40.4166 694.498 7.11462 790.683 3.43931 
61 32.3271 670.514 10.0375 774.909 3.12675 
62 26.9701 701.185 8.748 832.913 2.66983 
63 29.2588 697.408 8.34861 770.538 3.48932 
64 34.9532 708.866 7.72387 778.508 3.77432 
65 39.6978 695.702 7.8438 762.241 3.19658 
66 30.6631 665.71 6.88272 740.748 3.15441 
67 41.0099 707.729 13.1174 767.7 3.3603 
68 32.8509 709.298 7.84733 778.853 3.13949 
69 32.1336 734.47 9.20294 787.453 3.24232 
70 33.9581 720.749 7.30259 808.935 3.54745 
71 29.1103 651.958 5.45314 720.926 3.29089 
72 30.7745 682.185 9.07274 726.228 2.40329 
73 30.0976 726.005 4.91147 799.882 3.43575 
74 26.707 662.413 8.38009 736.588 3.52397 
75 32.6419 714.025 8.21386 821.972 3.43843 
76 32.0053 688.022 7.3057 723.879 2.97783 
77 31.5016 665.091 6.39999 732.162 3.00123 
78 26.5814 691.173 7.19622 769.554 2.73903 
79 36.0746 705.978 7.91893 854.106 3.0998 
80 31.8599 710.221 7.92418 791.764 3.10419 
81 34.4529 729.952 7.65486 842.33 3.20973 
82 28.7699 713.477 7.87963 790.452 4.09299 
83 34.4248 674.042 9.38674 748.462 3.31747 
84 34.64 681.395 6.70853 741.955 3.08932 
85 30.4631 701.435 4.94388 787.228 3.63391 
86 33.8425 695.723 8.39829 770.357 3.12434 
87 29.3999 662.306 6.2341 694.811 3.09882 
88 30.301 688.694 8.70547 775.377 3.12366 
89 31.6222 707.305 7.89867 761.896 3.68775 
90 46.2926 721.458 9.76592 769.261 3.06729 
91 33.2073 720.709 3.96909 806.75 3.05141 
92 30.9229 680.612 7.08661 735.183 3.05922 
93 34.2474 696.5 9.18251 755.38 3.66435 
94 33.8754 710.371 7.53387 808.148 3.01125 
95 28.0311 679.238 7.12137 789.073 3.61008 
96 25.7597 685.798 7.85083 769.114 2.93734 
97 25.8685 635.803 6.05573 739.91 2.93062 
98 29.5872 685.509 7.2105 756.939 3.73618 
99 33.8368 700.953 6.12129 815.037 2.77329 
100 29.9957 680.412 9.31571 764.69 3.51224 
101 28.7862 684.225 8.62364 811.34 3.26689 
102 36.5626 686.954 7.81949 770.349 3.05855 
103 28.3508 681.696 8.2946 782.759 2.91996 
104 34.4565 689.165 6.02411 808.446 3.11651 
105 36.8259 726.476 7.09342 830.926 3.50417 
106 35.7683 681.992 7.30462 731.117 3.19651 
107 31.4501 707.168 6.50885 775.393 3.24434 
108 31.5507 705.796 8.68338 730.666 3.64924 
109 25.9426 676.071 6.88754 830.762 2.79178 
110 32.2207 687.223 8.74362 770.483 3.06397 
111 36.6824 724.275 7.19546 804.505 3.55547 
112 37.0165 686.18 8.03495 748.467 3.31726 
113 38.6972 712.417 10.6101 838.809 3.3159 
114 40.3489 714.804 10.1921 776.921 3.29811 
115 26.0659 662.13 6.97559 743.107 3.28103 
116 36.0598 725.45 7.65443 849.485 3.39234 
117 37.1554 699.3 5.42846 757.918 3.24493 
118 34.1836 700.616 6.77168 778.756 3.48144 
119 27.9008 700.357 8.97937 768.422 3.32015 
120 27.3225 674.07 6.76768 771.561 3.2852 
121 31.4899 682.393 6.32239 769.09 2.86602 
122 38.4077 709.221 6.31923 796.187 3.4327 
123 35.9189 691.959 4.59707 744.033 2.79594 
124 33.8738 692.905 8.48514 785.812 3.25981 
125 33.4844 679.778 7.36794 754.485 2.8719 
126 28.0988 679.827 7.15824 732.42 3.90856 
127 30.2535 721.011 9.37601 765.791 3.41075 
128 30.9104 704.991 7.41107 763.292 3.52201 
129 35.6005 712.296 6.54059 785.098 3.75925 
130 42.5234 689.039 7.72952 736.084 3.63002 
131 25.6727 694.174 6.01884 765.718 2.93242 
132 34.6103 701.67 10.54 789.587 2.93617 
133 32.2093 731.029 6.92928 818.964 3.21197 
134 33.285 722.389 5.92394 798.821 3.83103 
135 21.9588 668.184 8.07339 791.892 3.15826 
136 33.3535 663.664 10.3375 764.36 2.93688 
137 40.5472 686.218 7.67721 756.17 3.33673 
138 31.8638 673.793 7.28201 757.84 3.10445 
139 34.546 669.814 9.12055 739.152 3.51158 
140 32.6106 696.257 8.40367 804.52 3.33019 
141 33.2094 687.238 5.80685 746.957 2.98922 
142 34.7636 687.069 8.68952 745.849 3.75913 
143 27.1042 717.901 7.32093 777.691 3.15903 
144 27.6158 677.079 6.22115 693.693 2.95414 
145 39.2868 696.221 8.22711 783.256 2.9927 
146 30.0253 665.714 7.25094 754.238 2.86723 
147 38.589 721.266 7.09884 790.832 3.13556 
148 33.0636 703.323 6.80117 771.652 3.13504 
149 28.5353 720.828 9.54358 801.933 3.73419 
150 27.3815 704.282 5.11776 766.215 2.85452 
151 33.0256 699.669 8.82133 777.1 3.57116 
152 35.3073 657.205 6.56162 750.491 3.04816 
153 33.4162 670.783 6.87729 770.858 2.97403 
154 30.9145 714.372 7.2369 808.033 3.5895 
155 43.1871 716.621 9.16076 843.619 4.01251 
156 27.3193 697.827 7.09939 785.44 3.16945 
157 23.7031 691.581 6.8623 793.114 3.21919 
158 28.9616 695.465 7.1545 761.867 3.06295 
159 35.42 691.649 8.16002 683.413 3.51564 
160 33.0095 695.513 5.4757 769.406 3.24402 
161 34.6433 698.445 8.29981 838.103 3.36009 
162 35.1302 680.458 7.18939 749.699 3.02713 
163 28.3395 662.021 6.85146 741.549 3.01566 
164 29.9416 684.244 6.17414 783.072 3.15314 
165 26.3066 706.815 5.55755 767.496 3.44573 
166 29.9561 673.235 7.59809 769.832 3.28109 
167 30.9655 680.499 6.52569 733.906 3.84672 
168 35.8517 702.272 9.18435 792.544 3.3607 
169 36.0919 709.157 8.216 767.341 2.77287 
170 31.9973 692.478 9.69579 813.506 3.37781 
171 28.6632 641.773 6.42214 739.53 3.0194 
172 36.5823 688.355 8.06737 807.301 3.2173 
173 44.8024 673.983 9.09448 740.577 3.15932 
174 36.962 719.5 5.9003 763.502 3.39127 
175 35.2633 694.577 6.6902 784.549 3.19998 
176 27.0939 666.615 5.74038 715.394 3.19775 
177 33.4285 683.902 5.23754 808.022 2.77503 
178 34.0686 708.124 6.58891 801.922 2.86956 
179 36.4907 709.417 5.87632 799.24 2.73731 
180 41.8107 710.128 7.48328 773.521 2.81395 
181 27.7403 630.847 5.60702 769.836 3.05219 
182 31.533 686.309 7.34313 776.984 3.63122 
183 33.6806 713.182 7.94253 821.863 3.34208 
184 33.4192 688.636 6.02369 757.803 2.86048 
185 37.2862 704.133 7.09237 798.335 3.67922 
186 35.3911 707.591 7.23196 770.324 3.32082 
187 36.2096 710.194 7.41798 773.728 3.0704 
188 35.041 717.13 7.25462 785.942 3.30229 
189 30.7929 702.168 8.77761 800.003 2.85767 
190 26.6909 673.631 7.11481 775.48 3.13543 
191 34.5202 712.086 7.95329 757.529 3.59465 
192 31.7421 677.493 9.29407 717.25 3.43633 
193 23.2163 682.241 4.5256 764.775 3.16534 
194 36.417 724.983 10.5375 867.79 3.70891 
195 38.3595 710.603 9.23718 815.186 3.65425 
196 32.4962 733.181 6.21329 812.402 3.47619 
197 36.7319 696.468 8.93783 769.827 3.86908 
198 28.9427 678.313 6.32868 788.428 3.37862 
199 35.3574 687.191 6.53093 785.103 3.54222 
200 38.2045 696.671 9.2743 860.908 3.71058 
201 36.7516 695.205 7.91722 818.057 3.48792 
202 33.6247 715.421 10.1352 790.096 3.47757 
203 32.443 681.958 6.28559 746.917 3.87903 
204 28.6737 683.569 5.96287 823.099 3.347 
205 25.7715 722.65 6.24097 810.172 3.41133 
206 31.3711 654.366 7.76467 746.027 2.91759 
207 30.2932 677.572 7.36402 772.693 2.78657 
208 38.539 719.705 9.15141 790.955 3.1625 
209 29.7544 684.269 7.23161 763.96 2.64021 
210 27.3589 710.636 5.3192 759.011 3.0323 
211 28.4194 688.003 4.93241 735.757 2.96462 
212 31.0369 673.646 6.57209 754.018 2.4947 
213 33.703 711.356 8.26431 837.112 3.39306 
214 35.7641 688.092 6.83699 752.346 2.99098 
215 30.6244 727.597 7.50327 805.57 3.22627 
216 32.4111 693.348 7.98821 782.583 4.03245 
217 27.4853 703.317 3.07602 792.625 2.72747 
218 30.5318 699.957 6.4009 788.451 3.58294 
219 32.0904 687.768 5.99525 790.268 3.16153 
220 28.9496 704.894 8.85023 795.949 3.61256 
221 28.0315 700.884 5.05048 780.86 3.47139 
222 32.6177 700.415 9.6436 779.182 3.54514 
223 34.459 725.76 7.16502 846.727 2.88068 
224 25.5798 694.21 6.93325 812.671 2.93467 
225 29.3307 677.084 5.44629 759.325 3.81731 
226 34.2721 655.581 8.1322 756.669 3.26549 
227 28.967 685.945 7.55215 785.68 2.78874 
228 36.7056 694.416 7.29435 829.137 3.29903 
229 29.6152 652.229 6.43679 702.137 2.91615 
230 40.4515 744.032 8.83749 825.455 4.06453 
231 34.3177 718.033 5.85214 799.996 3.27624 
232 42.4268 725.171 8.26117 818.071 3.80725 
233 33.8098 676.187 6.94428 747.413 3.5994 
234 27.9942 687.896 7.7268 744.709 3.31985 
235 26.5143 715.022 4.17814 812.666 3.28204 
236 28.6979 696.478 5.93275 785.767 3.47279 
237 26.6837 660.782 8.63851 755.102 3.27231 
238 30.2489 654.214 7.54798 788.122 2.55544 
239 29.5644 674.17 9.35334 744.222 3.39802 
240 28.5876 660.723 6.3716 737.177 2.84341 
241 42.3634 739.198 8.11279 813.7 3.6125 
242 28.3639 683.904 6.3442 798.535 3.25407 
243 31.1907 693.86 6.16824 750.615 3.77925 
244 30.5223 695.963 6.95938 770.35 2.81283 
245 34.3673 693.768 8.99217 753.158 3.24941 
246 31.0645 721.81 6.75745 798.485 3.54988 
247 30.0603 724.878 9.29336 765.727 3.30858 
248 33.1283 719.585 7.24986 809.791 2.97208 
249 30.641 688.737 5.989 820.194 3.60224 
250 31.4713 667.596 7.41492 761.344 3.06933 
251 25.8569 687.856 6.33044 725.588 3.49583 
252 32.9835 702.357 7.71768 765.649 3.51819 
253 31.9938 666.923 8.18392 748.143 3.24113 
254 31.8549 731.787 6.69557 792.936 3.63381 
255 29.4776 689.081 4.34218 759.429 3.28033 
256 31.0068 697.658 10.9141 828.053 2.91082 
257 32.2555 699.557 6.0571 791.344 3.91118 
258 32.1367 717.085 6.56302 799.272 3.33362 
259 41.0531 701.26 6.78197 780.11 3.39227 
260 28.7177 670.992 5.99559 803.37 2.97968 
261 29.3348 674.945 9.34723 761.106 3.7248 
262 31.406 650.483 6.7084 778.124 3.15377 
263 37.4457 712.122 7.78005 772.734 3.21199 
264 31.5209 713.722 7.61359 773.294 2.5597 
265 33.3248 700.222 8.61985 770.192 3.65713 
266 36.2902 687.358 7.52652 772.782 3.00229 
267 29.5263 706.949 6.33072 829.099 3.45952 
268 30.1374 682.627 7.29301 775.897 3.40335 
269 30.1572 716.378 6.51997 790.398 2.98906 
270 28.6165 669.198 7.45892 756.294 3.34804 
271 27.5509 699.772 8.33092 780.793 3.19358 
272 33.9379 701.618 8.3836 730.47 2.99228 
273 35.2204 703.064 7.53485 763.999 3.71436 
274 32.6823 716.358 4.32237 788.252 2.72524 
275 31.9114 693.237 7.09298 772.704 3.18291 
276 29.6449 705.92 7.13078 809.185 3.05372 
277 34.7754 682.582 8.5899 743.374 2.91013 
278 38.3177 683.435 6.988 739.976 2.9103 
279 26.7189 657.963 5.95857 757.311 3.24326 
280 23.5235 691.1 7.53206 765.189 3.33561 
281 31.5393 664.066 6.88472 750.69 2.78615 
282 32.8959 697.276 6.4088 722.068 3.10925 
283 27.1018 686.109 6.40589 739.523 3.47825 
284 31.9954 731.037 7.2556 792.308 3.4464 
285 34.5858 713.196 6.41242 839.569 3.24433 
286 34.2983 712.308 8.3655 780.899 3.4991 
287 34.1685 698.819 9.02978 777.875 3.6341 
288 31.4074 691.822 7.56708 747.612 2.98086 
289 39.8882 720.974 6.4383 819.729 3.28737 
290 39.3446 693.705 8.43005 739.31 3.64588 
291 30.9393 698.004 6.44822 811.762 3.37667 
292 38.0502 700.864 9.6953 757.114 3.54319 
293 25.3984 682.712 6.28911 747.104 3.24715 
294 28.5139 709.927 4.5956 810.904 3.08969 
295 36.5649 692.793 7.97252 768.274 3.33685 
296 45.0596 702.382 8.86944 770.673 3.19767 
297 26.3333 724.626 7.13332 787.4 3.08742 
298 40.6475 704.78 8.94388 830.626 3.41611 
299 35.0925 700.112 6.5653 801.794 3.05858 
300 35.9174 674.27 8.00672 763.665 2.49585 
301 37.9649 715.737 6.12111 764.375 3.09588 
302 38.5328 701.229 8.86034 838.756 3.66203 
303 41.2958 712.655 7.36403 771.767 3.31664 
304 31.1645 670.168 7.21645 718.551 3.4592 
305 33.9144 699.989 7.31944 781.692 3.21125 
306 34.5304 678.233 8.77784 798.782 3.34075 
307 33.7244 691.848 8.75912 754.128 3.93685 
308 27.137 705.591 6.879 820.964 3.05107 
309 33.679 693.677 9.42528 786.531 2.93386 
310 28.453 681.091 5.94611 776.98 3.02843 
311 39.3759 713.962 7.94747 838.591 3.46556 
312 33.3449 699.578 6.65354 767.042 2.73115 
313 33.7118 686.945 6.60142 767.449 3.33562 
314 37.7192 739.046 10.7701 788.451 3.69868 
315 30.4763 664.263 8.52843 748.369 3.11676 
316 35.7511 680.116 8.06951 737.223 3.65734 
317 27.1282 671.554 5.98021 760.308 3.14216 
318 33.8267 714.428 4.9359 793.481 3.80025 
319 30.6682 674.873 6.73833 755.864 2.4818 
320 33.8875 705.312 7.81839 803.336 3.13866 
321 32.6603 686.744 9.24031 786.428 3.59555 
322 34.7562 690.797 6.62022 770.238 2.69889 
323 32.3769 718.857 6.47321 815.836 2.89041 
324 26.4991 698.451 6.19258 833.937 3.51255 
325 29.7242 659.439 7.78536 766.637 2.75542 
326 32.4981 670.245 7.69528 697.813 3.17762 
327 32.88 674.963 7.48245 735.37 2.95077 
328 31.4559 710.585 9.3771 765.492 3.35752 
329 42.1881 700.727 9.32534 798.696 3.83462 
330 31.7022 680.351 7.63358 726.725 2.85512 
331 30.8879 720.007 4.87091 769.369 3.38161 
332 30.0205 706.585 8.67779 768.048 3.90413 
333 31.4912 685.232 6.54078 754.316 3.29227 
334 29.4086 679.132 6.06399 767.172 2.98602 
335 30.977 728.949 7.80407 828.559 3.67884 
336 27.2393 699.291 5.76128 770.08 3.08402 
337 33.6613 679.26 5.7243 771.55 3.10018 
338 36.8952 709.434 7.93118 803.028 2.81156 
339 36.7206 706.145 5.12479 777.563 2.66072 
340 33.6758 697.691 8.34628 740.193 3.55727 
341 43.7339 711.121 9.69657 773.855 3.34918 
342 36.6857 731.667 6.49744 799.72 3.21183 
343 34.6279 685.131 5.84796 819.999 3.12875 
344 24.0748 699.428 7.74655 835.786 3.29464 
345 38.2981 764.894 6.7687 821.423 3.33483 
346 32.4289 691.341 9.66318 779.344 3.15918 
347 33.4253 678.652 8.10089 777.507 3.32166 
348 23.6469 688.142 6.95316 729.778 2.87684 
349 29.1287 666.063 7.63858 757.616 3.21159 
350 33.0332 707.814 7.06448 823.012 3.33552 
351 32.5784 667.767 7.3843 736.531 3.0938 
352 33.1667 703.206 3.23607 778.162 3.10784 
353 37.5213 703.15 7.44736 799.73 3.18033 
354 38.9209 685.127 7.64119 757.693 4.17642 
355 28.4536 664.238 5.66693 736.492 3.1028 
356 33.9904 718.033 8.52676 824.459 3.59935 
357 32.8638 715.603 6.75952 765.788 3.49228 
358 24.2946 653.97 5.05705 782.64 3.28684 
359 39.7622 692.716 8.70846 800.857 3.19533 
360 31.7905 725.196 6.22722 895.49 3.33311 
361 36.1678 704.431 7.91538 838.254 4.01626 
362 40.2718 700.274 9.31799 756.342 3.18027 
363 36.6323 692.982 7.40715 810.325 3.73685 
364 33.8836 704.524 6.43527 761.385 3.66191 
365 38.4487 690.743 8.12431 804.109 3.10943 
366 33.3547 703.343 6.23969 801.189 3.26954 
367 33.5466 669.957 8.38775 776.147 3.81131 
368 30.5006 682.526 6.51928 789.503 3.24179 
369 37.8222 698.126 9.17579 797.871 3.11456 
370 34.5992 701.703 8.73428 790.356 3.7795 
371 40.8486 720.067 6.94423 821.358 3.97133 
372 38.0921 723.905 7.87119 824.649 3.2737 
373 27.8598 729.911 5.32032 825.8 3.57575 
374 27.0185 690.199 9.26038 779.132 3.69337 
375 32.9542 688.98 8.06237 758.832 3.59435 
376 35.6833 706.406 8.38854 749.02 3.37877 
377 33.4956 713.754 10.051 795.596 3.408 
378 36.924 711.383 8.78653 825.841 3.74191 
379 39.8875 689.129 8.01601 796.066 3.68911 
380 30.7833 671.561 7.17679 774.212 3.48063 
381 33.1631 728.312 7.10071 768.64 3.64717 
382 31.0888 678.224 7.01538 770.68 3.28879 
383 34.9665 700.242 9.28625 805.407 3.10965 
384 34.3779 714.505 7.29055 786.469 3.0842 
385 35.7203 719.067 7.12261 821.795 3.39235 
386 36.4753 673.878 8.20076 736.115 3.0853 
387 28.5569 677.332 7.05044 737.921 3.42346 
388 30.4656 668.646 7.18029 773.98 3.05681 
389 26.8196 719.071 3.56776 791.357 3.41051 
390 25.6128 706.618 7.95453 736.049 3.51 
391 34.5952 713.305 8.50445 799.134 3.61267 
392 28.9623 695.999 7.23223 786.329 3.90681 
393 30.9294 666.392 5.81408 765.337 3.22928 
394 32.958 711.692 10.3725 757.445 3.50901 
395 30.6934 670.942 7.26972 737.505 3.03479 
396 33.3416 701.032 7.90293 754.114 2.79128 
397 33.2575 699.909 8.741 761.253 3.82107 
398 35.6877 682.65 8.43981 738.231 3.49659 
399 29.0994 726.226 4.85519 798.412 3.14267 
400 29.6847 697.609 7.95772 795.879 3.73972 
401 37.3409 714.594 10.1654 785.412 3.60012 
402 31.0253 679.559 7.32852 760.82 3.00194 
403 37.7874 702.586 9.22096 753.251 3.52697 
404 30.842 690.953 6.70951 772.569 2.96172 
405 30.9778 650.763 6.39068 761.448 3.21195 
406 36.9821 701.876 9.24232 760.361 3.90066 
407 35.9724 721.339 9.36387 811.768 4.21743 
408 30.7057 696.875 8.62512 736.156 3.61687 
409 25.4642 692.686 8.04405 810.996 3.40527 
410 31.667 728.365 6.25263 825.741 3.37694 
411 35.5295 713.524 6.85324 797.288 3.38496 
412 19.0981 715.479 6.54051 825.243 3.0905 
413 27.9815 666.06 7.98373 711.158 2.775 
414 29.4466 705.493 7.73947 765.139 3.70847 
415 33.391 723.285 5.73595 806.495 3.04012 
416 34.0601 689.679 7.89278 782.948 2.65046 
417 36.313 715.273 6.18003 818.952 3.18305 
418 36.775 691.342 7.78802 799.089 2.73494 
419 30.0989 706.01 8.85707 800.356 3.53919 
420 28.5204 696.261 6.54622 821.172 3.05423 
421 28.9886 668.481 5.5801 770.745 3.13552 
422 25.0399 663.71 5.08569 760.478 3.41563 
423 38.8922 706.984 10.0066 771.984 3.80971 
424 37.7355 680.401 10.2621 778.769 3.77684 
425 27.8383 676.441 6.14405 747.671 2.99232 
426 38.2882 710.09 8.29804 820.194 3.26856 
427 34.4262 702.701 8.60506 805.616 2.97236 
428 34.8873 685.742 7.3626 747.602 3.15408 
429 31.766 693.94 7.11261 797.894 3.4131 
430 32.8252 730.738 7.36421 842.864 3.56346 
431 31.4725 708.916 4.858 724.951 2.97125 
432 21.5913 726.062 5.71744 833.394 3.12397 
433 26.6043 669.537 5.16307 775.613 3.17432 
434 31.7618 713.946 8.82237 810.472 2.98684 
435 21.8575 688.218 6.27387 772.849 2.74473 
436 36.3126 682.218 6.62738 764.173 3.05236 
437 35.209 702.065 7.85822 821.179 3.13971 
438 33.7507 670.204 8.20586 783.235 3.14959 
439 33.5377 699.328 9.35767 806.483 2.57219 
440 28.7364 707.524 8.20207 813.332 2.94871 
441 38.7708 689.441 7.9789 809.406 3.52645 
442 38.894 709.377 7.15347 776.8 3.59458 
443 39.9125 725.301 9.57764 793.432 3.09039 
444 34.7215 677.442 8.94799 715.797 3.39158 
445 28.1671 666.051 5.84029 764.648 3.59714 
446 31.1576 708.365 5.46641 762.303 3.11573 
447 38.5879 705.591 7.11033 760.232 3.05764 
448 31.8519 667.225 7.91051 746.205 3.07894 
449 38.0195 714.827 8.84222 782.306 3.72789 
450 28.2706 684.864 8.1762 807.164 3.49224 
451 29.8096 658.136 9.16882 692.903 3.49365 
452 29.9719 686.47 5.7929 803.097 3.34028 
453 30.4711 676.906 6.42489 761.63 3.21103 
454 29.234 699.547 5.88196 790.952 3.13811 
455 35.044 705.022 7.64525 792.94 3.06658 
456 36.033 743.201 6.73547 881.942 3.20523 
457 29.2441 654.746 5.6433 740.445 3.08932 
458 32.3594 674.316 8.10268 738.376 2.7239 
459 36.8055 684.572 5.37939 748.459 3.61957 
460 28.9486 671.405 5.73025 747.866 2.93292 
461 29.5698 674.514 8.32004 803.073 3.47244 
462 41.2555 733.18 7.0987 823.727 3.87774 
463 29.5297 691.553 6.55555 737.612 3.72501 
464 37.1882 686.809 8.00943 834.219 3.13292 
465 24.3628 691.32 7.31555 716.17 3.39475 
466 30.9868 672.024 9.37476 761.067 3.67883 
467 34.9813 705.705 8.25987 776.899 2.75022 
468 32.7855 701.333 7.50259 809.174 3.11926 
469 36.0071 712.793 7.94529 789.935 3.30528 
470 29.4969 702.214 5.4645 798.65 2.80118 
471 31.9979 696.215 6.70205 736.64 3.15847 
472 32.7337 719.86 8.44379 762.451 3.51871 
473 31.49 686.327 9.79555 741.304 3.35249 
474 35.1572 712.964 7.38728 811.467 3.6539 
475 23.4789 666.881 5.99099 754.98 3.24324 
476 33.3326 672.06 11.1019 723.751 3.41116 
477 33.0618 683.822 6.9891 829.509 3.49307 
478 29.6435 668.77 5.50776 800.847 2.73524 
479 32.8355 707.624 7.49477 782.66 3.87473 
480 34.9278 717.822 10.0248 837.887 3.48409 
481 28.3864 657.236 8.74309 700.171 3.49858 
482 25.586 678.434 6.63401 811.65 3.88279 
483 31.5106 697.927 6.93421 801.068 3.57678 
484 31.5409 686.563 8.1874 785.265 3.38107 
485 30.6029 718.745 7.57846 800.938 3.24884 
486 36.504 728.055 4.71241 769.931 2.98276 
487 34.351 708.203 5.83234 820.401 3.34009 
488 33.0107 703.689 6.45126 784.33 3.75042 
489 35.8934 703.706 7.64964 789.601 3.30394 
490 37.6433 697.741 7.72394 824.215 3.66749 
491 38.3261 659.238 5.31161 711.665 3.00675 
492 38.7955 708.071 8.81306 788.381 2.93067 
493 31.0002 682.201 7.51386 754.79 3.24398 
494 41.2065 714.284 6.81032 795.215 3.94917 
495 37.2637 698.873 9.08544 760.376 2.48579 
496 33.0071 704.8 8.33597 803.087 3.27331 
497 31.1641 657.298 5.76204 728.738 3.2091 
498 31.1186 682.259 7.43258 796.777 3.68589 
499 35.9107 706.838 8.83333 792.958 4.08322 
500 33.4156 674.325 6.86927 790.218 2.71748 
501 38.5378 680.436 8.60154 785.276 3.0887 
502 36.3633 710.331 8.23578 851.806 3.19622 
503 36.2006 711.746 5.69269 791.436 3.22031 
504 23.7977 674.933 4.79805 761.341 3.22501 
505 26.2778 687.604 5.85357 772.56 3.40535 
506 30.1276 691.593 9.09126 824.553 3.64935 
507 35.3043 698.027 7.25712 773.094 4.17331 
508 37.6519 700.569 8.93768 779.089 3.31309 
509 38.3062 700.039 5.74732 760.771 3.10811 
510 38.5752 712.625 7.7844 818.856 3.3211 
511 32.3735 683.357 9.06005 774.032 3.39533 
512 36.8076 732.47 6.80577 788.418 3.31665 
513 30.4435 677.856 7.72633 715.814 3.53021 
514 38.29 705.659 8.08381 747.025 3.1598 
515 36.0967 693.586 9.80732 790.677 3.31391 
516 36.419 708.141 8.44228 770.222 3.38435 
517 40.1283 716.457 9.47857 811.325 3.17558 
518 20.8836 683.944 7.02303 756.903 3.23932 
519 38.6568 706.178 8.61559 803.759 3.94351 
520 34.5831 692.79 6.71175 766.669 2.97646 
521 32.3797 725.523 8.84877 822.548 3.93424 
522 37.2678 666.535 7.68536 721.972 3.37802 
523 27.8128 703.855 4.95541 810.647 3.43573 
524 35.2715 691.228 7.43134 754.04 2.82861 
525 32.9421 693.668 6.96161 824.938 3.40397 
526 37.1105 711.024 7.15708 769.164 3.33082 
527 29.0277 704.019 8.33847 777.577 3.60365 
528 29.7636 699.489 7.61292 838.265 3.4877 
529 30.5979 684.098 8.17881 744.212 3.9062 
530 33.3484 683.759 6.17509 725.38 2.92778 
531 28.2748 707.686 4.35345 814.931 2.57787 
532 33.4048 718.323 8.78774 819.121 3.38974 
533 35.8079 700.873 9.76446 734.651 3.10757 
534 28.7259 688.898 6.93748 798.789 3.33635 
535 30.7093 669.851 8.52076 762.369 3.0999 
536 27.9847 696.448 5.82396 772.201 3.15769 
537 29.5983 743.48 9.22897 847.884 3.48216 
538 37.8174 684.755 8.85701 740.868 3.3377 
539 27.5582 695.51 8.38648 811.081 2.72898 
540 38.0256 683.716 7.62549 755.269 3.07123 
541 24.8462 704.892 6.31078 786.349 3.41404 
542 35.8973 706.836 9.76554 806.489 3.7177 
543 32.7032 697.914 5.66639 791.512 3.25313 
544 34.6834 681.718 8.18925 758.145 2.69708 
545 28.6986 657.08 9.93821 763.169 3.97017 
546 35.6895 734.63 7.81257 844.834 3.62379 
547 40.4834 690.256 7.58686 747.177 3.2483 
548 28.9159 718.258 6.6842 785.668 3.49417 
549 38.4044 690.525 7.68611 788.992 3.17279 
550 28.46 673.908 5.27055 758.47 3.3496 
551 30.2233 706.144 8.43971 788.303 3.46694 
552 25.2257 702.048 6.48752 807.703 3.37956 
553 41.7122 744.021 7.02829 837.166 3.30421 
554 39.1771 682.886 9.59357 768.785 3.02013 
555 26.1425 683.448 8.20576 745.294 3.12598 
556 34.2517 692.866 10.395 808.783 3.52766 
557 37.6567 694.138 9.18367 732.354 3.66121 
558 33.2119 698.588 10.0563 766.108 3.77299 
559 25.5723 655.945 5.90546 719.763 3.27309 
560 34.5096 724.868 8.38649 797.02 3.88927 
561 30.8193 707.085 6.96993 775.493 3.23007 
562 36.3759 665.159 7.33319 770.092 2.80127 
563 31.6008 725.621 7.09656 826.093 3.22001 
564 36.0313 679.65 7.69606 756.444 2.9278 
565 31.9162 693.818 9.07139 763.904 3.222 
566 28.8687 665.492 7.8504 756.323 2.73728 
567 44.5134 724.693 8.26979 828.405 3.46092 
568 31.7752 696.693 7.15528 789.374 3.4042 
569 29.0884 706.535 7.87194 809.742 3.7886 
570 29.0871 684.952 7.27118 783.608 2.74461 
571 41.6085 726.079 7.1848 836.187 3.50582 
572 32.4139 716.205 6.77626 785.739 3.49427 
573 34.7488 717.809 9.26173 783.196 3.88362 
574 29.8263 687.114 8.2479 781.141 3.24394 
575 31.3749 698.881 8.37206 783.697 3.37024 
576 34.4138 698.819 7.99637 823.202 2.86644 
577 25.2226 704.733 7.3525 857.815 3.3744 
578 38.3585 704.719 9.44658 772.868 3.45486 
579 26.7201 667.614 5.58024 762.608 3.16351 
580 29.5884 665.164 6.46713 678.193 3.17217 
581 27.8632 672.975 7.66179 767.458 3.14793 
582 31.2482 707.057 7.98557 823.118 3.27565 
583 32.0157 690.99 6.35584 748.8 3.73081 
584 35.7136 723.388 9.10026 797.393 3.8124 
585 36.2762 659.29 8.68087 777.126 2.85859 
586 27.22 681.062 4.55958 732.899 3.06461 
587 34.3117 720.398 5.2649 845.152 3.11299 
588 35.1611 654.379 7.89946 737.127 2.94789 
589 29.5284 653.885 5.87618 711.289 2.68811 
590 36.1195 714.357 7.13871 786.46 3.28552 
591 39.5304 712.039 9.86418 820.345 3.11929 
592 22.5202 709.793 5.14784 815.11 3.49596 
593 26.3119 646.282 6.0132 712.42 2.20247 
594 28.6796 671.624 7.72695 764.309 2.81815 
595 28.2777 699.583 8.33474 771.066 3.32672 
596 34.8369 718.443 7.10177 875.477 3.59459 
597 32.9461 685.313 7.49894 777.61 3.50543 
598 34.3672 722.132 7.08704 791.103 2.98047 
599 33.5582 704.929 6.58724 789.165 3.30723 
600 29.8811 718.181 8.40614 744.853 3.79441 
601 39.9276 691.997 7.64273 754.808 3.75188 
602 34.5981 701.093 8.00709 778.675 3.26098 
603 31.1574 689.377 8.26432 777.606 3.23718 
604 24.9548 687.492 4.3708 806.178 3.05291 
605 38.7079 718.69 7.73242 831.896 3.73816 
606 32.6947 688.107 7.00121 800.433 3.06762 
607 35.5174 685.928 5.67335 761.245 3.93616 
608 35.8279 698.227 8.25414 825.971 3.42445 
609 30.7898 700.065 7.73314 766.989 2.72784 
610 36.7581 725.669 7.18875 808.296 3.54086 
611 28.7341 697.654 5.9875 718.42 3.72312 
612 38.2084 711.605 9.54878 826.04 3.41905 
613 34.9525 684.537 7.73928 774.296 3.36782 
614 26.0016 671.104 8.17588 755.098 2.80993 
615 31.8975 713.459 8.31155 797.476 3.70364 
616 28.2464 670.496 7.23834 797.239 3.28546 
617 33.8531 714.999 5.81858 734.053 2.47319 
618 34.2404 708.748 8.87571 802.058 3.71466 
619 27.7967 681.417 5.39252 762.015 3.58414 
620 35.0529 689.171 10.5145 811.004 2.97987 
621 29.9026 706.659 10.0336 776.532 3.69319 
622 23.7811 667.663 7.36071 772.314 3.15675 
623 32.7425 697.349 6.72427 795.682 3.08973 
624 34.0244 687.088 7.86217 767.935 2.58524 
625 34.1044 687.852 9.58039 797.296 3.11552 
626 36.3399 669.971 6.80306 718.24 3.24814 
627 37.5399 720.203 7.44265 755.409 2.90736 
628 34.7082 713.542 7.47194 832.18 3.17617 
629 26.3475 720.188 7.48519 814.12 3.61914 
630 33.4405 731.847 8.58907 803.266 3.59585 
631 31.1547 717.452 6.60086 801.046 2.72464 
632 35.8368 722.985 8.21783 813.391 2.99687 
633 32.2328 687.329 8.63596 760.312 3.5831 
634 31.302 665.628 5.26043 745.538 3.26569 
635 41.4004 714.81 8.50057 759.183 3.25766 
636 32.2433 687.855 7.97534 767.586 3.21366 
637 29.9822 728.665 6.79454 768.148 3.28202 
638 36.6267 683.254 8.04902 761.535 2.36968 
639 31.6694 706.493 5.35782 799.959 3.67247 
640 37.9832 755.663 7.19567 873.455 2.83172 
641 37.2165 701.234 8.5386 753.431 3.41063 
642 38.6065 737.936 8.56245 903.033 3.45968 
643 33.2133 714.794 7.28839 795.683 3.45429 
644 37.3112 681.023 7.7085 784.331 3.31694 
645 31.3744 712.797 7.31098 780.345 3.65615 
646 33.8976 692.821 6.68366 770.591 2.94319 
647 32.1835 711.182 8.1115 763.609 3.51232 
648 31.6545 742.428 7.92676 813.308 3.49579 
649 24.6674 707.447 6.93307 743.825 3.08762 
650 33.6435 685.353 7.98254 776.742 3.49549 
651 25.8237 691.591 6.12368 768.683 3.2192 
652 29.3486 690.626 6.50773 789.283 3.39778 
653 23.4532 702.812 5.09929 785.535 3.22536 
654 43.84 719.037 10.1365 800.846 2.87038 
655 29.9572 720.247 4.53271 761.522 3.34248 
656 37.8059 724.854 7.69039 808.116 3.9786 
657 24.4567 692.123 9.08779 776.898 2.85365 
658 32.7469 732.446 8.31168 788.136 3.58697 
659 32.538 672.736 8.47686 753.965 3.24283 
660 26.2535 703.193 9.05163 766.008 3.11789 
661 36.0354 700.075 8.99272 854.868 2.88553 
662 22.6086 705.339 5.21959 832.005 3.47576 
663 32.2664 715.884 8.0072 792.928 3.67248 
664 27.7788 665.963 6.89591 764.563 2.45462 
665 30.5807 695.657 7.24619 788.6 3.54518 
666 34.2247 688.73 7.3776 758.83 3.59314 
667 34.3684 702.223 6.91589 784.128 3.56715 
668 32.181 691.5 6.61383 812 3.48701 
669 28.593 674.135 7.03012 751.547 3.50229 
670 37.6728 688.381 6.6122 761.383 3.31362 
671 27.117 690.735 6.83296 806.015 3.70205 
672 38.117 676.835 5.8741 727.635 3.17474 
673 29.963 687.117 7.36975 737.568 2.7732 
674 34.5692 676.318 7.36016 773.456 3.28496 
675 25.3905 667.723 3.7866 754.134 2.90202 
676 37.9789 743.746 8.06277 831.661 3.48682 
677 35.8705 725.443 8.29145 832.446 3.20692 
678 34.567 717.976 5.88847 802.084 3.6754 
679 28.1655 663 4.58083 777.11 3.04035 
680 35.7221 692.559 10.2032 798.283 2.99502 
681 34.0126 691.313 8.73162 784.123 3.37455 
682 29.6874 708.241 7.42513 806.769 3.46632 
683 32.5427 631.15 5.69179 682.741 3.20911 
684 40.2806 717.941 7.78929 795.155 3.42135 
685 22.4679 656.21 8.94846 700.395 3.7625 
686 34.8485 719.155 7.86964 768.726 3.03116 
687 27.4467 651.436 6.20605 750.914 2.99134 
688 35.0259 692.313 6.98976 781.795 3.22224 
689 39.8069 699.137 7.87173 774.001 3.75835 
690 38.5995 717.284 6.56087 824.952 3.29163 
691 28.2564 708.383 7.26456 805.22 3.75704 
692 35.5236 698.816 6.35078 770.063 2.80174 
693 36.6114 709.814 8.5038 832.113 3.2256 
694 36.6929 693.568 7.80041 780.27 3.45713 
695 29.3876 695.291 9.52604 798.776 3.17541 
696 24.5705 676.219 5.78717 786.975 3.05715 
697 36.2464 724.214 9.1144 782.879 3.88239 
698 30.3988 710.021 7.71189 828.247 3.52389 
699 32.8415 699.743 7.4928 805.826 3.63684 
700 31.3177 724.836 9.96776 805.585 3.43216 
701 35.3185 702.238 7.91749 830.9 3.57773 
702 33.0473 690.41 8.58164 816.467 4.27453 
703 31.3954 722.688 5.06825 790.611 3.56479 
704 33.6597 700.833 8.34651 755.465 2.97323 
705 33.5507 709.749 8.50491 834.255 3.41555 
706 36.3479 727.941 6.80257 772.846 3.70574 
707 34.0537 690.74 6.40937 783.527 3.22311 
708 30.2775 714.286 7.30787 806.773 3.52387 
709 28.7945 693.506 7.6593 804.159 2.98458 
710 32.7886 726.576 6.30247 781.012 3.36091 
711 34.2649 714.951 6.59033 805.936 3.76397 
712 28.7262 695.297 7.23589 736.178 2.70157 
713 33.9348 707.764 7.76525 799.836 2.90456 
714 33.3579 644.24 6.24926 686.979 2.89352 
715 27.2965 656.615 5.48064 708.692 2.85632 
716 37.0259 698.089 8.74669 755.201 3.08315 
717 26.8686 686.259 7.30491 737.689 2.87161 
718 30.3162 680.162 7.7555 733.056 2.67685 
719 39.4444 705.668 7.34877 824.232 3.18593 
720 32.0391 717.499 6.41358 838.818 3.20548 
721 26.0855 682.012 6.78652 812.686 3.22637 
722 28.1348 669.417 5.62933 799.798 3.32142 
723 28.4992 689.135 5.9779 723.106 3.47654 
724 30.7725 693.866 5.19339 772.392 2.81511 
725 32.6083 693.059 6.39027 769.617 3.84128 
726 27.8642 671.554 7.43359 741.209 3.91558 
727 39.849 731.458 8.70975 791.613 3.69571 
728 32.7229 710.435 7.25625 819.044 3.14693 
729 34.0965 699.731 8.56464 780.555 3.27504 
730 32.6521 689.374 7.94102 816.508 2.83303 
731 38.674 696.138 10.422 799.973 3.2399 
732 28.8391 696.962 6.05102 754.655 3.22388 
733 40.7419 721.488 9.64455 798.873 3.64949 
734 29.4006 684.477 8.1207 809.787 3.12336 
735 28.4155 679.698 7.75228 749.68 2.76169 
736 36.8942 627.349 8.08972 755.9 3.2091 
737 37.6765 718.687 9.79767 745.305 4.07427 
738 34.2212 687.081 8.4969 793.614 3.26608 
739 27.0329 676.982 4.59008 686.031 3.26208 
740 35.5286 674.009 7.23413 749.156 3.39622 
741 34.8203 701.35 8.58951 801.96 3.27417 
742 33.0865 689.218 6.2673 757.516 3.90343 
743 39.6737 674.453 7.19924 810.007 2.85241 
744 33.5342 700.595 8.96316 841.744 2.84102 
745 31.5729 723.02 9.16381 831.528 3.39485 
746 38.8577 709.018 8.89111 807.14 2.97297 
747 35.0389 676.076 9.43961 757.671 3.36081 
748 39.9285 732.076 11.269 789.171 3.5191 
749 33.2808 700.878 8.09418 820.147 3.34555 
750 26.9831 682.734 6.4178 756.489 3.29254 
751 34.1891 682.206 5.96132 786.339 3.16968 
752 34.2172 704.531 6.79693 765.836 2.91446 
753 35.698 705.218 5.93975 745.388 3.74309 
754 36.4994 697.089 9.49996 820.835 3.42112 
755 34.6111 695.53 6.6751 778.963 3.17809 
756 35.6233 661.347 7.05791 715.539 3.333 
757 32.6948 690.298 8.16923 781.439 3.13483 
758 33.4683 698.565 7.41062 812.529 3.14136 
759 38.839 698.022 7.89097 796.643 3.24166 
760 38.8217 723.021 8.24494 831.314 3.32883 
761 37.7024 720.676 8.86513 815.689 3.70162 
762 34.2555 696.432 6.13725 776.883 3.32868 
763 35.8298 730.073 8.53702 807.039 3.50087 
764 31.2072 679.515 5.6513 779.748 2.99596 
765 29.0623 706.431 6.89697 829.834 3.45838 
766 28.1657 692.931 8.94067 782.651 3.23724 
767 31.3932 681.668 6.48811 778.114 2.78556 
768 37.3432 690.82 8.18614 785.296 3.93062 
769 36.734 693.273 6.73078 806.956 3.17697 
770 32.1365 678.113 9.96345 760.629 3.17972 
771 32.6598 680.818 9.25115 786.186 3.22955 
772 35.5457 703.665 9.47364 811.176 3.01133 
773 37.4877 700.155 7.92218 763.355 2.88282 
774 41.4562 687.589 9.29304 787.84 3.65349 
775 31.511 703.423 8.84088 788.086 3.38129 
776 37.4037 708.906 7.71413 830.402 3.61679 
777 32.3443 726.282 6.08487 864.796 2.83318 
778 33.7779 666.585 8.87867 707.387 3.29924 
779 32.9483 702.92 5.70122 807.997 3.2508 
780 32.6432 674.227 8.64087 750.459 3.41463 
781 34.6224 681.841 9.57612 786.028 2.5688 
782 30.2596 700.955 8.59577 726.95 3.25122 
783 32.1021 683.28 7.74377 752.591 3.27257 
784 32.866 715.932 8.01824 799.983 3.57714 
785 33.9409 678.876 5.82991 748.161 3.13885 
786 35.0441 744.715 7.04524 835.622 3.48114 
787 30.7735 695.721 8.22699 772.185 2.87555 
788 30.3812 689.175 5.28729 782.71 3.08274 
789 32.6367 674.765 9.79855 797.127 3.1371 
790 36.3794 690.771 7.56883 792.312 2.67697 
791 29.5125 683.147 6.22997 793.255 3.64077 
792 32.1059 727.494 7.17631 787.343 3.36272 
793 36.413 720.1 7.25112 845.961 2.65382 
794 27.732 698.593 6.0221 742.492 3.16623 
795 25.0168 668.246 6.91547 789.447 3.42726 
796 40.3732 701.362 8.27958 787.464 3.46091 
797 36.1133 713.092 8.18458 781.794 3.05073 
798 31.4163 685.796 6.54448 737.016 3.31495 
799 37.434 706.967 8.32537 837.742 2.78672 
800 37.7275 689.457 9.24773 741.764 2.92854 
801 29.0795 658.906 3.66488 771.341 3.61513 
802 30.6398 675.53 6.59441 734.109 3.35909 
803 34.7973 664.433 8.97337 732.319 3.23741 
804 36.8695 698.326 7.29999 736.444 3.46431 
805 36.6132 701.208 8.76007 824.131 3.00675 
806 31.821 672.914 8.02346 750.154 2.72585 
807 25.454 683.755 6.86994 739.591 2.98657 
808 28.8099 715.783 7.94755 791.202 3.18515 
809 38.9711 716.025 7.38619 778.856 3.77572 
810 33.5732 736.907 6.87116 868.903 3.56716 
811 36.7617 711.969 8.11037 831.789 3.56689 
812 34.0409 687.176 7.68688 797.493 2.87887 
813 36.116 697.622 7.8198 762.091 3.03193 
814 29.9002 667.677 7.69375 730.967 2.71905 
815 34.3764 662.052 7.84618 716.092 3.04698 
816 34.5696 722.857 8.15978 777.375 2.68182 
817 32.1237 650.93 7.2639 750.78 3.21829 
818 29.7958 660.177 7.24698 746.969 3.52194 
819 35.8536 699.587 6.37876 772.948 2.93601 
820 32.6195 697.339 8.12219 763.824 2.92039 
821 28.6052 682.523 7.71559 811.53 3.70771 
822 37.8164 682.611 6.20047 828.017 3.11841 
823 22.7873 662.962 6.83388 780.977 3.46464 
824 33.0198 688.48 7.4655 737.469 3.24406 
825 35.7503 714.488 9.73061 801.039 3.77397 
826 22.3619 683.842 7.99763 790.863 2.9958 
827 29.2111 669.622 6.80384 795.597 3.17104 
828 22.6931 682.71 2.63865 712.64 3.12918 
829 33.2068 694.034 6.47295 721.934 3.47537 
830 34.7429 732.215 5.58491 814.287 3.7458 
831 22.4676 665.196 6.02678 772.877 3.51406 
832 26.8701 689.738 8.22657 710.806 3.7198 
833 33.5227 738.048 6.0719 805.274 3.89113 
834 38.4115 708.591 8.9929 799.419 3.58888 
835 30.4447 671.697 5.97792 761.916 3.00215 
836 32.2985 689.716 3.81344 775.367 3.33903 
837 40.5478 701.938 10.2162 793.981 3.16442 
838 35.3738 699.52 7.98913 784.714 2.90232 
839 31.7299 703.201 5.60265 824.018 3.72556 
840 28.3487 702.702 5.81815 774.744 2.98777 
841 34.942 702.603 6.73143 779.156 3.41868 
842 40.2413 708.157 6.64733 754.108 3.47985 
843 20.4165 692.662 6.66858 793.905 2.7726 
844 31.4966 701.745 7.06903 792.278 3.4709 
845 38.6267 719.158 7.48341 778.903 3.66972 
846 27.7761 684.739 6.66228 777.32 3.23384 
847 28.7758 652.341 5.59153 694.386 2.99321 
848 27.985 677.47 3.80593 804.859 3.33532 
849 40.885 691.827 7.7018 807.091 3.87985 
850 27.8606 723.048 8.7128 828.144 3.39439 
851 35.7123 716.22 6.03263 796.422 3.64199 
852 37.3788 722.064 10.4815 771.628 3.12332 
853 32.1335 723.024 7.05359 785.376 3.58206 
854 32.1071 688.978 7.02084 834.586 3.41562 
855 31.9188 670.097 6.84649 797.582 3.13583 
856 26.9226 649.213 7.0451 713.068 3.32594 
857 32.7961 716.221 5.45425 838.356 3.49633 
858 23.2227 703.928 6.45222 833 2.99217 
859 31.4124 648.698 9.15522 690.495 2.83306 
860 26.2472 671.663 7.65167 732.472 3.17152 
861 33.184 687.55 8.48652 730.166 3.04638 
862 34.2872 754.64 7.2306 846.756 3.24031 
863 29.7564 708.223 7.41148 873.168 3.19059 
864 34.1626 693.562 8.03058 798.303 3.10011 
865 35.2749 698.827 10.0602 735.646 3.76808 
866 29.32 704.336 3.7226 773.311 2.63846 
867 34.0529 681.676 7.79048 730.888 3.03206 
868 31.3714 715.365 7.69448 805.545 3.45958 
869 38.0689 713.378 7.25475 755.618 3.57187 
870 30.3653 712.382 5.97907 787.838 3.26058 
871 26.666 711.799 6.9425 741.927 3.30133 
872 27.8491 707.537 8.20344 793.988 2.7491 
873 37.941 690.437 9.73137 790.213 3.00755 
874 31.7231 713.723 7.43741 828.309 3.56562 
875 40.3739 727.147 7.18787 845.398 3.70664 
876 38.4882 708.11 6.05977 799.738 3.26199 
877 33.395 711.839 8.80036 751.596 3.46251 
878 29.6386 683.374 8.09222 692.773 3.31318 
879 29.2619 666.079 7.97673 766.824 3.07371 
880 36.2658 703.753 8.66335 775.8 3.18474 
881 31.7233 711.34 7.8814 786.288 3.08406 
882 30.791 707.764 9.61423 766.239 3.71292 
883 41.1395 664.872 5.48246 738.574 2.81414 
884 31.5948 684.984 9.11783 804.065 3.63349 
885 34.9264 702.56 8.78668 762.208 3.28968 
886 33.05 690.68 8.74092 751.513 3.18826 
887 35.176 693.203 7.63487 750.237 3.40413 
888 31.2061 703.381 8.30466 782.089 3.22902 
889 26.216 689.974 3.69237 835.707 2.6305 
890 30.8209 678.568 7.88828 718.263 3.61347 
891 34.4217 695.69 8.94978 769.06 2.74012 
892 30.3968 713.152 6.25368 817.116 3.27421 
893 28.5954 698.637 6.54918 712.113 3.4601 
894 33.2691 695.078 5.92189 818.856 3.904 
895 30.33 666.76 6.1944 772.046 2.52221 
896 34.6429 724.102 5.85275 792.221 3.2631 
897 23.9908 677.638 5.74822 760.882 3.49639 
898 34.1204 704.017 6.91735 766.043 3.91941 
899 31.6391 717.007 7.77041 768.446 2.54524 
900 35.6899 700.133 6.80169 800.908 3.1928 
901 31.4834 660.65 8.02675 695.759 3.11063 
902 38.5935 753.29 7.27239 827.178 3.00491 
903 30.0306 668.769 5.22138 779.273 3.11266 
904 31.2814 707.598 7.23392 703.221 3.53891 
905 27.7453 679.553 7.89048 759.772 3.25649 
906 38.1403 703.285 9.1024 792.735 3.27281 
907 30.7879 679.972 7.61486 745.974 3.04008 
908 36.4192 709.937 9.69424 793.359 3.0085 
909 37.336 709.743 8.91026 831.215 3.66464 
910 25.4397 666.862 9.01693 740.527 2.90594 
911 31.2871 710.386 6.70633 809.986 3.45115 
912 37.0809 690.028 8.00657 789.522 3.57537 
913 29.5923 683.858 5.71942 785.886 2.92384 
914 31.8358 708.093 5.07176 766.152 3.3203 
915 33.7189 716.609 6.80464 761.827 4.10159 
916 29.9859 695.572 6.19773 765.48 2.77969 
917 32.1138 707.472 7.84368 805.631 3.00843 
918 33.0083 709.09 8.05702 815.428 3.95131 
919 38.9674 721.038 7.40573 791.008 3.88034 
920 30.8781 673.416 7.0893 698.796 3.36519 
921 29.3108 692.081 8.50894 756.682 3.04068 
922 36.229 732.255 8.78023 809.19 3.01787 
923 29.7062 709.886 6.24185 811.465 2.88097 
924 38.2312 714.318 6.28473 783.583 3.5312 
925 36.6318 675.557 6.84744 773.538 3.17527 
926 28.9919 662.468 7.75521 757.514 3.17878 
927 39.769 713.596 8.81838 822.325 3.52829 
928 40.3768 713.714 10.1011 866.116 3.58793 
929 30.56 665.499 6.20618 764.433 3.03801 
930 29.5155 686.255 5.87167 761.915 2.97048 
931 32.8669 708.573 7.04794 796.235 3.48107 
932 31.6154 696.117 8.25473 832.236 3.47004 
933 39.5901 679.848 9.78643 805.258 3.26613 
934 32.5546 675.661 8.18907 805.691 2.99068 
935 26.9422 665.516 4.65517 774.696 3.34177 
936 36.5227 674.766 9.10271 802.469 2.86902 
937 34.8634 708.513 5.36281 818.553 3.27949 
938 35.1535 662.422 7.112 794.164 3.0079 
939 33.4899 722.352 8.33924 853.02 3.35795 
940 32.0955 700.983 5.33705 761.972 3.37211 
941 32.3582 699.422 7.30703 806.723 2.75029 
942 36.246 681.612 9.93993 780.568 3.49523 
943 32.4601 676.358 7.78019 763.678 3.00928 
944 23.3238 692.959 6.91123 743.198 2.63438 
945 35.8469 703.007 8.24501 785.594 3.62061 
946 37.6554 726.739 6.78224 794.704 3.63045 
947 39.5966 663.104 7.7629 771.919 3.36735 
948 33.2577 683.443 8.65712 748.909 2.82369 
949 29.3984 683.276 4.18532 793.233 3.4185 
950 33.9318 671.691 6.98711 740.279 2.98191 
951 28.5047 690.004 5.46786 736.853 3.71386 
952 36.8701 704.464 8.16929 797.249 3.58043 
953 20.7079 690.871 6.14467 763.24 3.07669 
954 30.253 699.914 6.42351 767.464 2.73667 
955 27.7481 679.422 5.39036 772.12 3.13775 
956 30.0547 681.989 8.40511 765.882 3.21365 
957 28.4166 657.694 7.81821 677.467 3.36421 
958 30.1825 674.526 5.74593 735.407 3.0686 
959 32.146 704.55 7.25013 790.475 2.85431 
960 25.2038 693.649 7.47032 774.959 3.23692 
961 38.1008 699.725 8.7045 806.108 3.65054 
962 27.1273 697.827 6.77603 811.342 3.02291 
963 34.8708 716.594 8.67731 816.031 3.19062 
964 30.5105 705.216 8.62462 786.952 2.96981 
965 36.8829 684.774 9.85304 752.319 3.37384 
966 34.7764 712.55 6.6021 748.873 3.2804 
967 32.35 703.545 7.64176 768.793 3.10162 
968 33.7617 694.411 9.83846 745.261 2.70007 
969 31.2731 645.703 7.0452 721.232 2.81612 
970 34.976 696.028 8.39279 783.669 3.39193 
971 32.3094 692.217 6.14499 804.548 2.85307 
972 36.0358 696.083 7.15836 773.312 3.4044 
973 28.481 659.972 6.67683 777.405 3.33727 
974 32.6096 698.142 6.37611 805.724 3.60073 
975 33.8119 656.46 7.92679 745.791 2.89365 
976 31.8111 686.907 6.30753 784.058 2.98337 
977 35.0404 688.055 7.95277 751.519 3.24468 
978 33.9537 713.331 7.2962 789.715 3.46318 
979 27.4542 674.847 7.44987 691.942 2.713 
980 30.5321 682.468 6.37863 775.923 2.68263 
981 33.6733 718.606 8.169 814.854 3.57098 
982 33.5023 717.285 8.96735 828.425 3.21398 
983 33.8011 676.956 8.34613 744.535 3.46774 
984 35.6086 686.166 8.12144 800.307 3.62239 
985 35.5241 692.619 6.98694 762.225 2.84087 
986 37.6793 715.545 7.18889 841.923 3.7021 
987 35.2252 702.966 6.36356 765.345 3.71184 
988 32.466 671.78 5.80902 748.256 3.40293 
989 34.3154 698.637 7.45449 744.814 3.02548 
990 31.2492 685.86 7.64734 820.391 2.66756 
991 37.0479 730.142 7.14142 821.662 3.25803 
992 31.1082 711.861 6.06961 809.828 3.3751 
993 30.3854 677.783 8.0655 761.499 3.11221 
994 29.4166 683.652 7.0633 729.308 3.85221 
995 36.7586 723.644 8.3573 812.954 3.45373 
996 30.218 646.166 8.66779 744.226 2.90465 
997 31.539 721.936 6.69087 769.634 3.04404 
998 27.6756 692.047 6.2503 773.259 3.1686 
999 34.2386 678.146 7.49653 707.548 3.23612 
